#Funktionen
#        x,    Func 1,    Func 2,    Func 3
 0.0000000, 0.0000000,-0.0000000
 0.1000000, 0.4742253,-0.2031594, 0.0865267
 0.2000000, 0.9175041,-0.4137703, 0.1803314
 0.3000000, 1.5839003,-0.6107477, 0.3232413
 0.4000000, 2.0468384,-0.7711047, 0.3882262
 0.5000000, 2.3681001,-1.0422384, 0.5789158
 0.6000000, 2.4783955,-1.2912530, 0.6262827
 0.7000000, 3.5658941,-1.2856634, 0.6275939
 0.8000000, 3.4597010,-1.2346400, 0.8701985
 0.9000000, 4.1470727,-1.6330594, 0.8243427
 1.0000000, 4.7476544,-1.7240618
 1.1000000, 5.1360139,-1.8348884, 0.9341292
 1.2000000, 5.6623325,-2.1073405, 1.1101582
 1.3000000, 5.0405729,-2.2218003, 1.2058814
 1.4000000, 5.7947142,-2.1464977, 1.0054541
 1.5000000, 6.2173609,-2.4170513, 1.5303847
 1.6000000, 7.1710179,-2.4626983, 1.5388856
 1.7000000, 6.7304061,-2.6231134, 1.5115151
 1.8000000, 7.6664289,-3.4145899, 1.5912690
 1.9000000, 7.0160443,-3.5162572
 2.0000000, 8.4499797,-3.3767434, 1.7455551
 2.1000000, 9.4532192,-3.7038833, 1.9601125
 2.2000000, 8.7490690,-3.3468420, 1.9901175
 2.3000000, 9.1355978,-3.8007646
 2.4000000,10.3019525,-3.8066111, 2.2572714
 2.5000000, 8.2632005,-4.1042332, 2.0610917
 2.6000000,10.3494387,-4.0892490, 2.2798767
 2.7000000,10.9857874,-3.6655991
 2.8000000, 8.9531486,-4.5166944, 1.9338100
 2.9000000, 7.9786862,-4.3808544, 2.8570691
 3.0000000,12.7429670,-3.7835411
 3.1000000,10.8882044,-4.1903543
 3.2000000,13.0934131,-3.9396538, 2.7856147
 3.3000000,10.3184807,-5.0159025, 3.0296149
 3.4000000,13.4465469,-4.8605486
 3.5000000,10.6469051,-4.1782299, 2.2981297
 3.6000000,11.7410473,-4.6220954, 3.4810093
 3.7000000,12.6133352,-5.4569294
 3.8000000,11.6905336,-5.1346184, 3.6332022
 3.9000000,12.0478262,-5.5177057, 4.2222433
 4.0000000,12.9367840,-5.1701163, 3.3333382
 4.1000000,14.3704133,-4.9834528
 4.2000000,13.6198081,-5.7913448, 3.4758557
 4.3000000,15.0839552,-4.6463032, 3.7219432
 4.4000000,13.1986100,-4.6990682, 3.8865375
 4.5000000,14.0075194,-5.0159504, 3.0750358
 4.6000000,13.5935966,-5.5941958, 4.2298481
 4.7000000,15.6076729,-5.9169651, 4.3337294
 4.8000000,15.6822694,-6.1279840, 4.1586764
 4.9000000,13.7908578,-6.1163460, 4.3136029
 5.0000000,15.9022169,-6.6719627, 4.0534776
 5.1000000,13.1367920,-5.3603177, 4.0711026
 5.2000000,14.1889565,-5.2305105, 4.5750026
 5.3000000,16.2271310,-5.5470533, 3.7202114
 5.4000000,15.6488651,-5.6485485, 4.9735725
 5.5000000,16.8405412,-6.5114393, 5.0364103
 5.6000000,14.8501354,-6.2750028, 4.0115912
 5.7000000,13.8498075,-6.7417261, 4.5146933
 5.8000000,16.3335080,-5.8250663, 4.7432012
 5.9000000,16.2044114,-6.3960618, 4.6179806
 6.0000000,12.1925487,-6.0471856, 4.8376579
 6.1000000,15.7853205,-6.2910475, 4.9354323
 6.2000000,15.7550996,-6.9579663, 4.2108288
 6.3000000,15.0085166,-6.7088214, 4.7203191
 6.4000000,16.2256089,-6.9538254, 5.8743962
 6.5000000,15.0139087,-7.1516103, 4.7486618
 6.6000000,16.7398472,-6.5421832, 4.8222528
 6.7000000,15.9002997,-5.6398403
 6.8000000,16.2658816,-7.3629610
 6.9000000,17.1093861,-7.1942591, 5.1989138
 7.0000000,17.5403287,-5.2566745, 6.2865825
 7.1000000,19.4171313,-7.1810925, 5.8706382
 7.2000000,13.1829420,-6.8525853, 4.5076559
 7.3000000,17.6191669,-6.6105219, 4.7331218
 7.4000000,16.7534185,-6.2896207, 5.6295823
 7.5000000,15.3076864,-6.7058739
 7.6000000,13.5823094,-6.9581601, 5.1871749
 7.7000000,15.2377884,-5.9266772, 5.5860801
 7.8000000,17.8257828,-6.4164292, 5.7516310
 7.9000000,15.4148152,-6.0265734, 7.1789386
 8.0000000,14.9083790,-7.7107144, 5.4198606
 8.1000000,17.7076018,-6.2172596, 6.9077362
 8.2000000,13.8553393,-6.1184117, 6.1508736
 8.3000000,14.4716227,-6.7809719, 5.6790811
 8.4000000,14.8229465,-7.0261458, 6.4074652
 8.5000000,15.5891169,-6.4335510, 6.0826351
 8.6000000,18.1487521,-6.5417697, 6.8718545
 8.7000000,13.2053412,-5.9728051
 8.8000000,16.8727289,-4.9266765, 5.6161482
 8.9000000,14.0701803,-7.4582108, 5.9264420
 9.0000000,18.0979436,-6.5672929, 7.3301806
 9.1000000,13.5988945,-6.3987460, 6.2230954
 9.2000000,16.1695368,-6.8352142, 6.7093342
 9.3000000,15.9663963,-5.2879972, 6.3863889
 9.4000000,17.7067675,-7.4876412
 9.5000000,14.8663118,-7.1043275, 7.2806974
 9.6000000,13.5883631,-7.0657901, 6.7480218
 9.7000000,14.1098309,-6.4616080, 6.7963826
 9.8000000,15.7623323,-7.6707814, 7.4183115
 9.9000000,16.9681990,-5.3471703, 6.9872267
10.0000000,18.2300064,-5.9653964, 7.7554907
10.1000000,13.9561927,-5.4708461
10.2000000,12.9012623,-6.4382213, 7.9436290
10.3000000,17.1794020,-6.2342930, 6.9316350
10.4000000,12.6714223,-5.5760622, 7.0660508
10.5000000,16.9749843,-6.8050744, 8.4619867
10.6000000,16.3323329,-5.8658962, 7.2171037
10.7000000,15.5120198,-6.3523931, 7.4179818
10.8000000,13.7016046,-5.4138788, 8.3022693
10.9000000,13.8963487,-5.7154027, 8.0067442
11.0000000,14.3277779,-5.4005304, 6.7431661
11.1000000,11.0871592,-6.2107842, 7.8812295
11.2000000,13.0366587,-6.1802640, 7.9060175
11.3000000,14.6529199,-5.9629619, 8.1909236
11.4000000,13.5689216,-6.5655267, 8.2616186
11.5000000,14.8055817,-5.8747437, 8.1979981
11.6000000,12.9301064,-5.8150739, 6.4664139
11.7000000,15.1599455,-5.9873665, 6.2894265
11.8000000,12.3431015,-5.7640796, 8.6472551
11.9000000,13.8442056,-5.4854010, 7.2086494
12.0000000,13.6345812,-5.1746126
12.1000000,12.7747110,-4.8816739, 7.4830299
12.2000000,13.2490839,-5.5898470, 8.1560621
12.3000000,11.2378582,-5.0474719, 9.4389745
12.4000000,13.1957748,-4.6072292, 8.4426626
12.5000000,13.4557448,-4.2459131, 8.3388670
12.6000000,12.1979422,-4.9823706, 8.5748685
12.7000000,15.1362456,-5.3328266, 6.6882602
12.8000000,11.5470475,-5.3706452, 7.5892435
12.9000000,14.6955746,-5.7984940, 6.6224636
13.0000000,14.6384889,-5.5712853
13.1000000,12.8785366,-5.1679354, 6.6486883
13.2000000,13.2136546,-5.6218709
13.3000000,11.7865599,-4.7083903, 7.3185178
13.4000000,14.2815673,-4.6163913, 8.1483200
13.5000000,11.5989868,-5.5116086, 7.0384721
13.6000000,11.7062423,-4.9868583, 9.9634616
13.7000000,11.7870026,-5.1474310, 9.2794480
13.8000000,11.3389260,-4.9992536, 9.3710300
13.9000000,12.8877641,-5.2882081, 9.2364996
14.0000000,11.8344797,-5.3843627, 9.2592049
14.1000000,12.9127293,-5.8398211, 8.6760435
14.2000000,11.1631538,-4.7571542, 8.6878325
14.3000000,13.1132946,-5.1576417, 8.0469248
14.4000000,12.3699755,-5.0691325
14.5000000,12.8861111,-5.0276675, 8.6383482
14.6000000,10.4631349,-3.7638142, 8.2116634
14.7000000,10.6275389,-4.8611607, 8.9437185
14.8000000,10.6634920,-4.4189695, 7.2704624
14.9000000, 9.7697831,-4.4469806, 8.0717171
15.0000000,11.0656750,-4.1395359, 9.1865218
15.1000000,11.2940058,-3.6542485, 7.3421504
15.2000000,13.2865206,-4.8729172, 8.0006837
15.3000000, 9.8206121,-4.4029922, 8.7790410
15.4000000,12.1268272,-3.5415700, 8.9182238
15.5000000,11.7447016,-4.8187213, 9.6148986
15.6000000,10.4007082,-4.3028500, 8.2153286
15.7000000,10.9933742,-4.2722008, 9.1881243
15.8000000,10.5736912,-4.6686240, 8.8102970
15.9000000,10.9682151,-4.6288160, 8.7742648
16.0000000, 8.8479725,-3.5793523
16.1000000,10.0755857,-3.6568305,10.3649493
16.2000000, 8.8630969,-3.7485428, 9.9800132
16.3000000, 8.7923780,-3.7501271, 9.6689655
16.4000000, 9.3307894,-3.2331890,10.4289690
16.5000000, 9.5749927,-4.1116824, 8.6084012
16.6000000, 9.3779295,-3.2854804, 8.8621761
16.7000000, 9.7202313,-3.4571766, 8.7084095
16.8000000, 8.8390760,-3.2148245, 9.8003600
16.9000000,10.1581195,-3.4141050, 8.2009990
17.0000000, 9.6080783,-4.2060810, 8.7641167
17.1000000, 7.3346100,-2.7616967, 8.5055012
17.2000000,10.5485343,-3.8552783, 9.9862445
17.3000000, 8.1753676,-3.3608772, 9.3782730
17.4000000, 7.9462063,-4.2006597, 7.8208855
17.5000000, 9.2941900,-4.1471462,10.8312034
17.6000000, 7.9175911,-3.8639016, 9.3132270
17.7000000, 8.6177447,-3.0875375, 8.3921795
17.8000000, 9.0716396,-3.6050931,10.0994323
17.9000000, 8.4758627,-3.3877419, 9.7494960
18.0000000, 9.4267786,-3.5356294,10.0369473
18.1000000, 9.4516869,-3.2752640, 9.9354888
18.2000000, 7.1553244,-3.3422991, 7.9562720
18.3000000, 8.0931157,-2.9538261, 9.6539184
18.4000000, 9.1690431,-3.0762251, 8.8567269
18.5000000, 7.4358863,-2.6977474, 9.8692927
18.6000000, 7.7709981,-2.9687788, 9.8086779
18.7000000, 7.4476946,-2.7995274, 8.1652239
18.8000000, 7.3333068,-3.3311347, 9.7843270
18.9000000, 8.0180601,-3.2189945, 9.5692847
19.0000000, 7.0589994,-2.2389646, 9.7137367
19.1000000, 7.0965858,-3.1000419, 7.8760534
19.2000000, 5.8083146,-1.9203233,10.0674919
19.3000000, 6.4647918,-2.8824478, 9.4499840
19.4000000, 5.6223453,-3.2445674, 9.4219865
19.5000000, 7.4278110,-2.7299934,11.2448041
19.6000000, 6.2383666,-2.3848681
19.7000000, 6.8730029,-2.7968119,10.6477511
19.8000000, 6.7844566,-2.7899121, 9.2367942
19.9000000, 6.2662473,-2.5691829, 9.5734703
20.0000000, 5.4400845,-2.2224029,10.5992301
20.1000000, 6.2790474,-2.2163315, 9.0739319
20.2000000, 6.1548706,-2.9177268, 9.2041598
20.3000000, 7.5044792,-2.5778921
20.4000000, 5.9408355,-2.5168270
20.5000000, 5.7322349,-2.2476112, 9.9076081
20.6000000, 6.1256600,-2.3150073, 8.6841784
20.7000000, 5.1282262,-2.1513121, 8.7326591
20.8000000, 5.8237089,-2.3656257,10.3835859
20.9000000, 5.2801656,-2.3428121,10.1047135
21.0000000, 6.4196401,-2.1677182, 9.9063435
21.1000000, 5.5448721,-1.7779936, 8.8864979
21.2000000, 5.7596867,-2.2253005, 8.6375810
21.3000000, 5.3456669,-1.9267729, 8.7504706
21.4000000, 5.5550310,-1.7833682,11.0465939
21.5000000, 4.6196446,-1.8080341, 8.6116334
21.6000000, 5.5968673,-1.4972795
21.7000000, 5.0536242,-1.8454209, 9.1840412
21.8000000, 5.4143755,-1.7039118, 9.2740790
21.9000000, 4.3069061,-1.6857857, 8.5411567
22.0000000, 3.8217549,-1.6892791,10.8111694
22.1000000, 4.6062837,-2.1917568
22.2000000, 3.8647323,-1.8026687,11.1506199
22.3000000, 4.4075533,-1.4388280, 9.5192115
22.4000000, 4.2004085,-1.7686591
22.5000000, 3.2882701,-1.5974436,10.5219560
22.6000000, 3.5285121,-1.7259923, 9.2341503
22.7000000, 3.6185507,-1.6539019, 9.8706235
22.8000000, 3.8474867,-1.2723845,10.9509393
22.9000000, 3.7714581,-1.5449162
23.0000000, 4.0500787,-1.5056504, 9.5538439
23.1000000, 3.5345454,-1.5801878, 8.8161985
23.2000000, 3.9931213,-1.5349215,10.4698235
23.3000000, 2.8898950,-1.4453145,10.5641939
23.4000000, 2.9797468,-1.4106914, 8.9693654
23.5000000, 3.3430114,-1.3516750, 8.8645687
23.6000000, 3.0452937,-1.0947183, 9.9755926
23.7000000, 3.0383846,-1.2959161,11.1549137
23.8000000, 2.6036397,-1.2603351,10.6738466
23.9000000, 3.0489452,-1.2854946, 8.9294184
24.0000000, 3.0071932,-1.2361833,10.7516247
24.1000000, 2.9786611,-1.2810429, 9.1742384
24.2000000, 3.0347064,-1.2267557,11.3858763
24.3000000, 2.5603413,-1.2642801,10.7961242
24.4000000, 3.1252786,-0.9889793, 9.2599124
24.5000000, 1.9975363,-1.2837598
24.6000000, 2.5402661,-0.9345296, 9.9486199
24.7000000, 2.6275575,-1.0281533,10.0076661
24.8000000, 2.9500807,-1.0044507,12.5547388
24.9000000, 2.6989612,-0.9426046, 8.0434527
25.0000000, 2.4925282,-1.1079176, 9.7225384
25.1000000, 2.4943709,-0.8478376, 9.1031504
25.2000000, 2.6189921,-0.9268848, 9.8002338
25.3000000, 2.2582337,-1.0900452, 8.2580715
25.4000000, 2.4894210,-0.7816396, 8.1748111
25.5000000, 2.1287377,-0.8872091,10.9262042
25.6000000, 2.0716573,-0.8478125,10.4580048
25.7000000, 2.0669630,-0.8941051, 9.7751036
25.8000000, 1.9572835,-0.8137197,10.3215261
25.9000000, 1.7977967,-0.6125310,10.0218390
26.0000000, 1.9454189,-0.8018253, 8.5233989
26.1000000, 1.9067028,-0.6144971,10.7785145
26.2000000, 1.7890337,-0.7228425, 9.5192493
26.3000000, 1.6871202,-0.6740374
26.4000000, 1.7054280,-0.7078255,10.0603146
26.5000000, 1.6268406,-0.6256326, 9.9974415
26.6000000, 1.7139463,-0.7469538, 9.7420625
26.7000000, 1.5082386,-0.6302669, 9.9027710
26.8000000, 1.4523022,-0.6271933
26.9000000, 1.5524868,-0.6132873
27.0000000, 1.5119584,-0.5274763
27.1000000, 1.5294339,-0.5843518,10.0911760
27.2000000, 1.4014110,-0.6132300
27.3000000, 1.4351915,-0.5015413,10.2800863
27.4000000, 1.3772781,-0.4589759,10.8719330
27.5000000, 1.3056691,-0.4064095,10.4468324
27.6000000, 1.1951736,-0.4749634, 8.6054419
27.7000000, 1.2026818,-0.4734769,10.3553042
27.8000000, 1.1311058,-0.4163601, 8.9312994
27.9000000, 1.1521365,-0.3804743, 7.3550373
28.0000000, 1.0227266,-0.4506980, 9.8653689
28.1000000, 0.9714049,-0.3581638, 8.6528491
28.2000000, 1.0538359,-0.3807835,11.4695228
28.3000000, 0.8862936,-0.3581608, 8.3249065
28.4000000, 0.9745141,-0.3907476,10.5231374
28.5000000, 0.7868038,-0.3921447, 7.8459642
28.6000000, 0.8083541,-0.2912492, 9.7996549
28.7000000, 0.7759101,-0.3135487,10.1515413
28.8000000, 0.8684778,-0.3017860, 9.5724833
28.9000000, 0.6119778,-0.2936298,10.5563772
29.0000000, 0.6482665,-0.2666162,10.8671969
29.1000000, 0.6420034,-0.2727315, 8.8538823
29.2000000, 0.4648628,-0.2352558,10.1413686
29.3000000, 0.5042967,-0.2536948, 8.8684344
29.4000000, 0.5458429,-0.2234964, 8.2289338
29.5000000, 0.5584167,-0.2010299, 9.3587666
29.6000000, 0.4896383,-0.1827554, 7.7063362
29.7000000, 0.3985950,-0.1968624, 9.9960274
29.8000000, 0.4819335,-0.1857117, 9.5387818
29.9000000, 0.4006554,-0.1284464,10.0061657
30.0000000, 0.3959615,-0.1543710, 9.1005764
30.1000000, 0.3018776,-0.1193744, 8.0950629
30.2000000, 0.2816182,-0.1266955, 8.9553973
30.3000000, 0.3197848,-0.0977161
30.4000000, 0.2756588,-0.0761144, 8.4866263
30.5000000, 0.1797179,-0.0990669, 8.8668714
30.6000000, 0.2181676,-0.0790885, 8.6326448
30.7000000, 0.1616277,-0.0651138, 9.7288759
30.8000000, 0.1269011,-0.0488232, 9.2658056
30.9000000, 0.1231464,-0.0549156
31.0000000, 0.1035936,-0.0368768,10.2616492
31.1000000, 0.0671618,-0.0274854, 9.7871418
31.2000000, 0.0444403,-0.0207189, 9.3277042
31.3000000, 0.0215914,-0.0084252, 8.0502630
31.4000000, 0.0034772,-0.0011833, 8.3984240
31.5000000,-0.0128193, 0.0070926, 9.4512820
31.6000000,-0.0395752, 0.0149617, 9.4907622
31.7000000,-0.0499379, 0.0264023, 9.0546487
31.8000000,-0.0813633, 0.0327353, 8.1388933
31.9000000,-0.0959720, 0.0371152, 9.1714591
32.0000000,-0.1130467, 0.0484505, 8.7164051
32.1000000,-0.1553033, 0.0563700, 9.1539412
32.2000000,-0.1777308, 0.0590173,10.0723224
32.3000000,-0.1901677, 0.0664342, 8.8804001
32.4000000,-0.2084004, 0.0743983, 8.2706263
32.5000000,-0.2233265, 0.0879360, 9.6829424
32.6000000,-0.2120850, 0.0906583, 9.3175150
32.7000000,-0.2200880, 0.0919653,10.2166570
32.8000000,-0.2992690, 0.0864017
32.9000000,-0.2595666, 0.1061336, 8.1256028
33.0000000,-0.2948150, 0.1146402, 9.1929765
33.1000000,-0.3382933, 0.1055382, 9.6354017
33.2000000,-0.2819263, 0.1193218, 8.0284045
33.3000000,-0.3008463, 0.1312410, 8.7193548
33.4000000,-0.3732628, 0.1504236, 7.5753506
33.5000000,-0.2992978, 0.1397034, 9.2292194
33.6000000,-0.3141136, 0.1676908, 9.7146885
33.7000000,-0.4062489, 0.1417267, 8.9945248
33.8000000,-0.4006664, 0.1396567, 7.1684841
33.9000000,-0.4417533, 0.1369454, 9.1011048
34.0000000,-0.4732636, 0.1357001, 8.3324211
34.1000000,-0.4839571, 0.1804399, 8.5656723
34.2000000,-0.4714279, 0.1806941, 7.8721510
34.3000000,-0.4228093, 0.1943454, 8.0863253
34.4000000,-0.4927915, 0.1843456, 8.9685943
34.5000000,-0.4520494, 0.1977469
34.6000000,-0.5339280, 0.1981677, 9.1001906
34.7000000,-0.4677443, 0.2043311
34.8000000,-0.5525354, 0.2195206, 9.6994047
34.9000000,-0.5337372, 0.2307402
35.0000000,-0.5413020, 0.1865931
35.1000000,-0.6619932, 0.1829358, 8.9139666
35.2000000,-0.5058455, 0.1940592, 8.5044593
35.3000000,-0.5999687, 0.2536962, 7.2332663
35.4000000,-0.5462162, 0.2296718, 7.3232259
35.5000000,-0.6160893, 0.2485968, 8.9532827
35.6000000,-0.5727140, 0.2708352, 8.4477528
35.7000000,-0.6232634, 0.2194250,10.5672234
35.8000000,-0.7003670, 0.2442814, 8.8381334
35.9000000,-0.5936172, 0.2540183, 9.1919077
36.0000000,-0.6695069, 0.2414275, 8.4592362
36.1000000,-0.5676196, 0.2396623, 7.0039164
36.2000000,-0.6388165, 0.2697640, 7.2653053
36.3000000,-0.5901897, 0.2791995, 8.2801539
36.4000000,-0.6750430, 0.2173976, 8.8978572
36.5000000,-0.6821080, 0.2481052, 8.1420234
36.6000000,-0.6843336, 0.2436021, 7.5103819
36.7000000,-0.5883043, 0.2400868, 6.5424966
36.8000000,-0.7369681, 0.2251372, 8.1854467
36.9000000,-0.8069081, 0.2944017, 8.5626067
37.0000000,-0.6270929, 0.2319112, 7.2331268
37.1000000,-0.6186305, 0.2042044, 7.3282352
37.2000000,-0.6152808, 0.2863720, 7.7247514
37.3000000,-0.6521535, 0.2980251, 8.2718771
37.4000000,-0.6547735, 0.2486598, 8.6425103
37.5000000,-0.6077618, 0.2658973, 8.3905018
37.6000000,-0.6466637, 0.2649760, 6.9963695
37.7000000,-0.7044959, 0.2662892, 6.6214111
37.8000000,-0.6173691, 0.2702250, 9.5534834
37.9000000,-0.6828503, 0.2626584, 8.2542841
38.0000000,-0.6439891, 0.2830629, 8.6101101
38.1000000,-0.6305826, 0.2790530, 6.7999301
38.2000000,-0.6931697, 0.2925208, 8.4549955
38.3000000,-0.6520906, 0.2652786, 6.9878358
38.4000000,-0.5816165, 0.3050625
38.5000000,-0.6712875, 0.2462972, 8.9329346
38.6000000,-0.7011226, 0.2822567, 7.5131704
38.7000000,-0.7242555, 0.2870446, 8.1372629
38.8000000,-0.7380402, 0.2863213, 9.9392854
38.9000000,-0.7217567, 0.2657571, 8.4993822
39.0000000,-0.6880317, 0.2658920, 8.6703092
39.1000000,-0.6841044, 0.3215664, 7.3797210
39.2000000,-0.5990460, 0.2821635
39.3000000,-0.6519722, 0.3081902, 9.1004088
39.4000000,-0.6518797, 0.2672682, 6.7090874
39.5000000,-0.7324311, 0.3033513, 7.3479794
39.6000000,-0.5856052, 0.2443109, 8.2977575
39.7000000,-0.7600643, 0.3178255, 9.2360521
39.8000000,-0.6186166, 0.2897886
39.9000000,-0.6819654, 0.2787065, 7.3691444
40.0000000,-0.8194244, 0.2544922
40.1000000,-0.6853231, 0.2553912, 8.5864142
40.2000000,-0.5837416, 0.2914589, 8.8768202
40.3000000,-0.6505001, 0.2640350, 7.4375050
40.4000000,-0.6132393, 0.2561433, 7.9190657
40.5000000,-0.7591753, 0.2833298, 7.8738661
40.6000000,-0.6214168, 0.3384661, 6.8178800
40.7000000,-0.7012176, 0.3135016, 7.7199232
40.8000000,-0.7904668, 0.2496194, 7.5470736
40.9000000,-0.7188963, 0.2668123, 7.7509184
41.0000000,-0.6805639, 0.2330269, 7.6296798
41.1000000,-0.5486115, 0.2598006, 7.6460946
41.2000000,-0.6590157, 0.2478746, 7.1356552
41.3000000,-0.5488184, 0.2148830, 6.3310177
41.4000000,-0.6228735, 0.3683598
41.5000000,-0.7118810, 0.2378656, 7.7549284
41.6000000,-0.6916070, 0.2709020
41.7000000,-0.6771110, 0.2463847, 6.0354964
41.8000000,-0.6338639, 0.2280587
41.9000000,-0.7739686, 0.2818818, 7.1813547
42.0000000,-0.6500159, 0.2633202, 6.9314018
42.1000000,-0.6523623, 0.2694319, 7.1912018
42.2000000,-0.7280187, 0.2185252
42.3000000,-0.6775932, 0.2356570, 7.6965778
42.4000000,-0.6293969, 0.2459552, 8.1633110
42.5000000,-0.6896620, 0.2447349, 7.5418455
42.6000000,-0.5697708, 0.2144453
42.7000000,-0.5931118, 0.2280523, 7.2714522
42.8000000,-0.6387072, 0.2245721, 8.0885962
42.9000000,-0.5381115, 0.2184910, 7.6150503
43.0000000,-0.5634025, 0.2089126, 7.2725871
43.1000000,-0.5626261, 0.2469449
43.2000000,-0.6141086, 0.2433076, 6.4466625
43.3000000,-0.6904565, 0.2609894, 6.7369822
43.4000000,-0.6480868, 0.2590701, 6.9096648
43.5000000,-0.6599945, 0.2430908, 6.7998913
43.6000000,-0.5425622, 0.2483529
43.7000000,-0.6589235, 0.2439927, 5.8845565
43.8000000,-0.5897447, 0.2611428
43.9000000,-0.5739177, 0.2806930, 6.7675969
44.0000000,-0.5854819, 0.2080455, 7.3465938
44.1000000,-0.6057413, 0.2313228
44.2000000,-0.5750860, 0.2158806, 6.3490153
44.3000000,-0.5736039, 0.2213485, 6.7820932
44.4000000,-0.5903159, 0.2485443, 7.4589725
44.5000000,-0.5028119, 0.2223612, 6.3354456
44.6000000,-0.5538658, 0.2097287, 6.9838586
44.7000000,-0.4761044, 0.2248605, 7.6913078
44.8000000,-0.4783105, 0.2325043, 6.1191919
44.9000000,-0.5616690, 0.1779428, 7.0037725
45.0000000,-0.5300701, 0.2125664, 6.8895294
45.1000000,-0.6042052, 0.2082784, 6.9642869
45.2000000,-0.5019733, 0.2026227, 7.1864514
45.3000000,-0.5791599, 0.2210055, 6.7470343
45.4000000,-0.5402955, 0.2028404
45.5000000,-0.4617331, 0.2120659, 5.8568548
45.6000000,-0.5491865, 0.1870241, 6.3821162
45.7000000,-0.6277548, 0.2265367, 6.4737444
45.8000000,-0.4632364, 0.1733046, 7.4332531
45.9000000,-0.5240755, 0.2164136
46.0000000,-0.5608052, 0.1901270, 5.9563564
46.1000000,-0.4194435, 0.2064253, 5.8547371
46.2000000,-0.4603753, 0.1928634, 6.6971697
46.3000000,-0.4036779, 0.2184440
46.4000000,-0.4061460, 0.1766155, 6.5042957
46.5000000,-0.4474872, 0.1981351, 6.4248696
46.6000000,-0.4811344, 0.1884277, 6.2155674
46.7000000,-0.4260226, 0.1906886, 5.7429227
46.8000000,-0.5465693, 0.1906969, 6.0951752
46.9000000,-0.4691366, 0.1459056, 6.1964468
47.0000000,-0.4400682, 0.1931712, 5.7750920
47.1000000,-0.4499565, 0.1725751, 5.9828769
47.2000000,-0.4673944, 0.2144372
47.3000000,-0.3681561, 0.2067658, 6.9596628
47.4000000,-0.4078980, 0.1811175, 7.0193282
47.5000000,-0.3972816, 0.1493260, 6.0078506
47.6000000,-0.3619987, 0.1648089
47.7000000,-0.3911098, 0.1732242, 6.7893311
47.8000000,-0.3853641, 0.1301045
47.9000000,-0.3560154, 0.1458201, 6.3162060
48.0000000,-0.4337754, 0.1461413
48.1000000,-0.4672286, 0.1667968, 6.6155977
48.2000000,-0.3945141, 0.1741827, 5.9604724
48.3000000,-0.4504624, 0.1646215, 7.3835707
48.4000000,-0.4111962, 0.1412598, 6.1038025
48.5000000,-0.3611591, 0.1585567, 6.6936086
48.6000000,-0.3787922, 0.1755111, 5.0817146
48.7000000,-0.3517927, 0.1382863, 6.5208497
48.8000000,-0.3419045, 0.1631861, 5.6551828
48.9000000,-0.3372473, 0.1657655, 6.0565430
49.0000000,-0.3861091, 0.1342985, 4.9941849
49.1000000,-0.3417157, 0.1683335, 5.7110720
49.2000000,-0.3232668, 0.1421486, 6.1298130
49.3000000,-0.4006953, 0.1609521, 5.9619710
49.4000000,-0.3589848, 0.1151761, 5.6432718
49.5000000,-0.3255415, 0.1421913, 5.2851589
49.6000000,-0.2512490, 0.1319111, 6.3854143
49.7000000,-0.3667504, 0.1534657, 5.1710868
49.8000000,-0.3414202, 0.1431794, 4.9666966
49.9000000,-0.3501285, 0.1416496, 5.4323332
50.0000000,-0.3214329, 0.1257637, 5.2510654
50.1000000,-0.3373775, 0.1316102, 5.3443695
50.2000000,-0.2484685, 0.1164196
50.3000000,-0.3405378, 0.1364626, 5.8106418
50.4000000,-0.3786341, 0.0979798, 4.7652825
50.5000000,-0.3186498, 0.1062075, 5.8839900
50.6000000,-0.2821615, 0.1310111, 4.7718527
50.7000000,-0.2980821, 0.0867638, 5.7883376
50.8000000,-0.2904738, 0.1278105, 5.8229140
50.9000000,-0.2647674, 0.1207070, 5.1058177
51.0000000,-0.2976776, 0.1149576, 6.2671013
51.1000000,-0.2685794, 0.1219718, 4.1591220
51.2000000,-0.3035452, 0.1308306
51.3000000,-0.2786340, 0.1083988, 4.9288837
51.4000000,-0.2175246, 0.0983556, 5.8532231
51.5000000,-0.3075387, 0.0791679, 5.9337246
51.6000000,-0.2505848, 0.0985066, 5.1535078
51.7000000,-0.2681247, 0.1052788, 7.0264639
51.8000000,-0.2225145, 0.1058699, 5.4865478
51.9000000,-0.2387553, 0.0900867, 5.1120534
52.0000000,-0.2339643, 0.0795511, 5.1784264
52.1000000,-0.1976186, 0.1014625, 5.3657208
52.2000000,-0.2532157, 0.0883071, 5.4347315
52.3000000,-0.2345943, 0.0658658, 6.0949659
52.4000000,-0.2124300, 0.1085136, 5.3848994
52.5000000,-0.2573966, 0.0934189, 5.8599012
52.6000000,-0.1952605, 0.0752533, 4.7856177
52.7000000,-0.2247890, 0.0902010, 5.7503463
52.8000000,-0.2004765, 0.0918553, 4.4175952
52.9000000,-0.1903393, 0.0863655, 5.3017498
53.0000000,-0.1982427, 0.0974980, 4.6505604
53.1000000,-0.1979817, 0.0766873, 5.0182906
53.2000000,-0.2443746, 0.0851618, 5.1419053
53.3000000,-0.1873362, 0.0729330
53.4000000,-0.2082642, 0.0978505, 5.5341718
53.5000000,-0.1994569, 0.0824481, 4.9490860
53.6000000,-0.1708573, 0.0722233, 4.8609110
53.7000000,-0.1543235, 0.0723785, 3.4621293
53.8000000,-0.1796822, 0.0834166, 4.3643636
53.9000000,-0.1819492, 0.0795672, 4.3439497
54.0000000,-0.1860873, 0.0698970, 4.3949029
54.1000000,-0.1725546, 0.0701531, 3.7752140
54.2000000,-0.1564509, 0.0607604, 4.7083585
54.3000000,-0.1527601, 0.0659556, 5.2268041
54.4000000,-0.1498653, 0.0578723, 4.2376412
54.5000000,-0.1601084, 0.0615297, 3.7253892
54.6000000,-0.1639762, 0.0650053, 4.3934071
54.7000000,-0.1360137, 0.0625560, 4.9032171
54.8000000,-0.1817750, 0.0635115
54.9000000,-0.1691662, 0.0541627, 4.7063377
55.0000000,-0.1375968, 0.0548558, 5.1124066
55.1000000,-0.1368455, 0.0499812
55.2000000,-0.1514650, 0.0595208, 4.3755840
55.3000000,-0.1527949, 0.0494659, 5.3754904
55.4000000,-0.1286270, 0.0491817, 4.5210126
55.5000000,-0.1176233, 0.0541936, 3.9502998
55.6000000,-0.1294103, 0.0577271, 4.8525586
55.7000000,-0.1282614, 0.0531907, 5.4116666
55.8000000,-0.1380745, 0.0371281, 5.1207710
55.9000000,-0.1260829, 0.0477494, 4.2504241
56.0000000,-0.1201712, 0.0526663, 3.9281279
56.1000000,-0.0844157, 0.0517593, 4.6276781
56.2000000,-0.1219442, 0.0360011, 3.6769427
56.3000000,-0.1174296, 0.0418824, 4.4445498
56.4000000,-0.0930116, 0.0446880, 4.2965435
56.5000000,-0.1160580, 0.0476071, 4.3815148
56.6000000,-0.1110959, 0.0424577, 4.6261370
56.7000000,-0.1004326, 0.0373342, 4.0863706
56.8000000,-0.0745235, 0.0419555
56.9000000,-0.1081018, 0.0388560
57.0000000,-0.1064637, 0.0432395, 4.2279289
57.1000000,-0.0900902, 0.0335178, 4.3595564
57.2000000,-0.0857021, 0.0279956, 3.6920218
57.3000000,-0.0831446, 0.0335287
57.4000000,-0.0860930, 0.0403555, 3.5041206
57.5000000,-0.0795915, 0.0347598, 4.2519310
57.6000000,-0.0740867, 0.0328613, 4.1994709
57.7000000,-0.0658423, 0.0333036, 4.0545655
57.8000000,-0.0754917, 0.0280356, 4.1215403
57.9000000,-0.0629116, 0.0213194, 4.5760978
58.0000000,-0.0753668, 0.0269526, 3.4920975
58.1000000,-0.0759516, 0.0312283, 4.2018353
58.2000000,-0.0693103, 0.0242399, 4.7908011
58.3000000,-0.0629871, 0.0198251, 4.1046488
58.4000000,-0.0745801, 0.0281273, 4.7081289
58.5000000,-0.0568962, 0.0246179, 3.8612678
58.6000000,-0.0567165, 0.0245433
58.7000000,-0.0598585, 0.0229183, 4.1092377
58.8000000,-0.0573532, 0.0222261, 3.8478415
58.9000000,-0.0459105, 0.0234197, 4.3100320
59.0000000,-0.0485778, 0.0174948, 3.5154355
59.1000000,-0.0493783, 0.0207186, 4.1736032
59.2000000,-0.0572250, 0.0196493, 3.9574085
59.3000000,-0.0559465, 0.0194260, 3.7799546
59.4000000,-0.0371479, 0.0166423, 3.9246233
59.5000000,-0.0394929, 0.0182901, 4.1808744
59.6000000,-0.0395940, 0.0202632
59.7000000,-0.0380224, 0.0163128, 3.1268076
59.8000000,-0.0370666, 0.0167523, 3.5766715
59.9000000,-0.0333819, 0.0135655, 3.9933877
60.0000000,-0.0297505, 0.0139473, 4.0889944
60.1000000,-0.0357029, 0.0122286, 3.3173194
60.2000000,-0.0361487, 0.0134660, 3.5706694
60.3000000,-0.0234950, 0.0125440, 3.5119158
60.4000000,-0.0278840, 0.0110157, 3.6397175
60.5000000,-0.0277128, 0.0117523, 3.6158411
60.6000000,-0.0283295, 0.0110413, 2.9748091
60.7000000,-0.0227132, 0.0099285, 3.3439083
60.8000000,-0.0207394, 0.0089935, 3.6584286
60.9000000,-0.0189041, 0.0072765, 3.0803014
61.0000000,-0.0197798, 0.0086245, 4.0574756
61.1000000,-0.0206441, 0.0076836, 3.4052764
61.2000000,-0.0169929, 0.0080671
61.3000000,-0.0198171, 0.0055751, 3.8085443
61.4000000,-0.0149341, 0.0051926, 3.8997371
61.5000000,-0.0148227, 0.0054709, 3.5741177
61.6000000,-0.0149393, 0.0056219, 3.6281383
61.7000000,-0.0109624, 0.0043727, 3.6915076
61.8000000,-0.0120964, 0.0034442, 2.9957721
61.9000000,-0.0104012, 0.0035154
62.0000000,-0.0075510, 0.0036244, 3.1742572
62.1000000,-0.0079421, 0.0028221, 3.2111023
62.2000000,-0.0065639, 0.0022932, 2.9465156
62.3000000,-0.0050725, 0.0024231, 3.0816349
62.4000000,-0.0042347, 0.0017870, 3.3740256
62.5000000,-0.0031917, 0.0013180, 3.3246290
62.6000000,-0.0017901, 0.0009851, 3.6658892
62.7000000,-0.0012410, 0.0004887, 3.1996490
62.8000000,-0.0003080, 0.0001177, 3.2134716
62.9000000, 0.0006332,-0.0002246, 3.3592147
63.0000000, 0.0013269,-0.0006972
63.1000000, 0.0030442,-0.0009663, 3.2049049
63.2000000, 0.0029900,-0.0014232, 3.0284367
63.3000000, 0.0043683,-0.0018902, 3.0436091
63.4000000, 0.0049012,-0.0017304, 3.1159148
63.5000000, 0.0058651,-0.0025983, 2.8010979
63.6000000, 0.0077393,-0.0030593, 3.3087668
63.7000000, 0.0059269,-0.0031369, 3.6267954
63.8000000, 0.0083979,-0.0032877, 2.9006097
63.9000000, 0.0072307,-0.0032383
64.0000000, 0.0084618,-0.0042476
64.1000000, 0.0100160,-0.0038326, 2.7201968
64.2000000, 0.0122085,-0.0044212, 2.9295833
64.3000000, 0.0091077,-0.0055337, 2.6644400
64.4000000, 0.0131231,-0.0046531
64.5000000, 0.0120166,-0.0059246, 2.6206742
64.6000000, 0.0141808,-0.0046223, 3.1961617
64.7000000, 0.0129216,-0.0063973, 3.2745995
64.8000000, 0.0149313,-0.0058268, 2.8303256
64.9000000, 0.0142916,-0.0069254, 3.0996852
65.0000000, 0.0147618,-0.0070062, 2.7103829
65.1000000, 0.0170935,-0.0067919, 2.7986485
65.2000000, 0.0146649,-0.0062795, 2.8389226
65.3000000, 0.0166349,-0.0066501, 3.3124366
65.4000000, 0.0159821,-0.0086449, 2.6306549
65.5000000, 0.0192664,-0.0084436, 2.8565744
65.6000000, 0.0201902,-0.0072521, 2.8948779
65.7000000, 0.0190909,-0.0061225, 2.8258873
65.8000000, 0.0173504,-0.0077215, 3.2223414
65.9000000, 0.0250176,-0.0091457, 2.4859416
66.0000000, 0.0234507,-0.0088418, 2.7743072
66.1000000, 0.0224650,-0.0086856, 2.6652343
66.2000000, 0.0217364,-0.0083913
66.3000000, 0.0221503,-0.0087988
66.4000000, 0.0220742,-0.0100768, 2.5871527
66.5000000, 0.0246549,-0.0112654, 2.8926082
66.6000000, 0.0261440,-0.0105193, 2.7693864
66.7000000, 0.0263218,-0.0085530
66.8000000, 0.0240275,-0.0106093, 2.3754948
66.9000000, 0.0187469,-0.0101222, 2.7274547
67.0000000, 0.0242339,-0.0087919, 2.5433146
67.1000000, 0.0282095,-0.0118174, 2.5628757
67.2000000, 0.0240374,-0.0100846, 2.3575861
67.3000000, 0.0264354,-0.0107909, 2.5863663
67.4000000, 0.0222048,-0.0089455, 2.8840989
67.5000000, 0.0290399,-0.0100691, 2.8300830
67.6000000, 0.0275643,-0.0100515, 2.4194452
67.7000000, 0.0251500,-0.0094553, 2.0029091
67.8000000, 0.0283350,-0.0101119
67.9000000, 0.0288888,-0.0082731, 2.2489547
68.0000000, 0.0273018,-0.0110299, 1.7874569
68.1000000, 0.0213894,-0.0141045, 2.0039577
68.2000000, 0.0295683,-0.0125704, 2.4643011
68.3000000, 0.0285865,-0.0099592, 2.4517660
68.4000000, 0.0250060,-0.0101644, 2.0807268
68.5000000, 0.0261886,-0.0106016, 2.6381803
68.6000000, 0.0233249,-0.0113690, 1.8945086
68.7000000, 0.0304864,-0.0111564, 2.5111352
68.8000000, 0.0273752,-0.0123058, 2.3972917
68.9000000, 0.0308661,-0.0106634, 2.1788457
69.0000000, 0.0296559,-0.0133995, 2.2843200
69.1000000, 0.0270418,-0.0132785, 2.4560057
69.2000000, 0.0248865,-0.0124641, 1.9185554
69.3000000, 0.0314104,-0.0108951, 2.6372021
69.4000000, 0.0342495,-0.0118089, 2.5236516
69.5000000, 0.0294145,-0.0094699, 2.2745981
69.6000000, 0.0312712,-0.0115701
69.7000000, 0.0298235,-0.0100604
69.8000000, 0.0278277,-0.0118557
69.9000000, 0.0292864,-0.0109145, 2.1161663
70.0000000, 0.0282717,-0.0096688, 2.0736872
70.1000000, 0.0338662,-0.0130846, 1.9127147
70.2000000, 0.0301959,-0.0109047, 2.3524879
70.3000000, 0.0298954,-0.0123787, 1.9313012
70.4000000, 0.0291826,-0.0105161, 2.2154709
70.5000000, 0.0306809,-0.0105638, 2.2323787
70.6000000, 0.0280516,-0.0109642, 1.9638461
70.7000000, 0.0284218,-0.0130012, 2.4232701
70.8000000, 0.0294068,-0.0112937
70.9000000, 0.0310495,-0.0122623, 1.8569147
71.0000000, 0.0316969,-0.0117854
71.1000000, 0.0278570,-0.0130959, 2.1462287
71.2000000, 0.0299474,-0.0142167, 2.1304847
71.3000000, 0.0264220,-0.0122412, 1.9875576
71.4000000, 0.0294822,-0.0137923, 2.2428534
71.5000000, 0.0227338,-0.0122164, 2.0161891
71.6000000, 0.0374443,-0.0115838, 1.7255002
71.7000000, 0.0319330,-0.0102716, 1.9964423
71.8000000, 0.0298572,-0.0113384, 1.6025793
71.9000000, 0.0324579,-0.0128756, 1.5136238
72.0000000, 0.0323534,-0.0099971, 2.0404844
72.1000000, 0.0298386,-0.0119976, 1.5646232
72.2000000, 0.0282659,-0.0124414, 1.9650147
72.3000000, 0.0270042,-0.0119697, 1.8446472
72.4000000, 0.0310934,-0.0112194
72.5000000, 0.0292425,-0.0121609, 1.8435992
72.6000000, 0.0263439,-0.0105370, 2.0221545
72.7000000, 0.0286636,-0.0099509, 1.8367976
72.8000000, 0.0311838,-0.0110575
72.9000000, 0.0286557,-0.0103044
73.0000000, 0.0312970,-0.0106618, 1.8322093
73.1000000, 0.0294598,-0.0105359, 1.6637741
73.2000000, 0.0296959,-0.0119072, 1.6864648
73.3000000, 0.0283287,-0.0106350, 1.7819611
73.4000000, 0.0342865,-0.0121032, 1.9691292
73.5000000, 0.0326340,-0.0115728, 1.9850647
73.6000000, 0.0233638,-0.0122074, 1.5763561
73.7000000, 0.0289744,-0.0102091, 1.5667679
73.8000000, 0.0220737,-0.0102869, 1.3226283
73.9000000, 0.0229250,-0.0116974
74.0000000, 0.0291531,-0.0131792, 1.5529636
74.1000000, 0.0222746,-0.0114082, 1.2285662
74.2000000, 0.0293597,-0.0112058, 1.6866756
74.3000000, 0.0232192,-0.0105942, 1.8347684
74.4000000, 0.0299829,-0.0108511, 1.6277704
74.5000000, 0.0231093,-0.0113009, 1.3141628
74.6000000, 0.0281280,-0.0108302, 1.4803021
74.7000000, 0.0228381,-0.0121980, 1.5836744
74.8000000, 0.0249347,-0.0095683, 1.5776466
74.9000000, 0.0284666,-0.0107192, 1.5443073
75.0000000, 0.0225154,-0.0113305, 1.5623870
75.1000000, 0.0270078,-0.0110665, 1.3566664
75.2000000, 0.0246437,-0.0117457, 1.2116975
75.3000000, 0.0254866,-0.0099494, 1.3980930
75.4000000, 0.0248093,-0.0115865, 1.4482811
75.5000000, 0.0228472,-0.0101605, 1.2605223
75.6000000, 0.0234183,-0.0086858, 1.5654985
75.7000000, 0.0207639,-0.0088970, 1.6157817
75.8000000, 0.0230494,-0.0094498, 1.3001680
75.9000000, 0.0231412,-0.0102725, 1.1700561
76.0000000, 0.0229824,-0.0111445, 1.4941726
76.1000000, 0.0249873,-0.0096816, 1.3033821
76.2000000, 0.0213057,-0.0094012, 1.3327161
76.3000000, 0.0256068,-0.0083553, 1.3889554
76.4000000, 0.0244161,-0.0100042, 1.3215657
76.5000000, 0.0236635,-0.0091706, 1.3234896
76.6000000, 0.0232213,-0.0089323, 1.3153645
76.7000000, 0.0187916,-0.0106693
76.8000000, 0.0204904,-0.0085269
76.9000000, 0.0218104,-0.0100500, 1.0609845
77.0000000, 0.0225194,-0.0087778, 1.2126962
77.1000000, 0.0201563,-0.0085610, 1.2078833
77.2000000, 0.0256371,-0.0090815, 1.2300105
77.3000000, 0.0195754,-0.0094592, 0.9899550
77.4000000, 0.0194533,-0.0085299
77.5000000, 0.0177132,-0.0096801, 1.2529266
77.6000000, 0.0201307,-0.0085944, 1.1907346
77.7000000, 0.0204438,-0.0081421
77.8000000, 0.0196595,-0.0095490, 1.2316086
77.9000000, 0.0183182,-0.0080989, 1.2248209
78.0000000, 0.0195607,-0.0081171, 1.1598394
78.1000000, 0.0214555,-0.0066639, 1.2127231
78.2000000, 0.0200147,-0.0070864
78.3000000, 0.0217509,-0.0088086, 1.1968715
78.4000000, 0.0186697,-0.0077093, 1.1788937
78.5000000, 0.0196600,-0.0085529, 1.2064255
78.6000000, 0.0195356,-0.0098015, 1.2582818
78.7000000, 0.0191941,-0.0080291, 0.9602610
78.8000000, 0.0182138,-0.0090145, 1.0367632
78.9000000, 0.0181729,-0.0076482
79.0000000, 0.0186097,-0.0070593, 1.1466189
79.1000000, 0.0196277,-0.0083201, 0.8813621
79.2000000, 0.0136796,-0.0073401, 1.1152605
79.3000000, 0.0184469,-0.0072506, 1.0505936
79.4000000, 0.0166004,-0.0061268, 1.0383179
79.5000000, 0.0206750,-0.0070548, 0.9811316
79.6000000, 0.0175510,-0.0071512, 0.9326979
79.7000000, 0.0159234,-0.0068655, 0.8799198
79.8000000, 0.0207664,-0.0066708, 0.9852131
79.9000000, 0.0157968,-0.0059847
80.0000000, 0.0173829,-0.0062613
80.1000000, 0.0170184,-0.0078455, 0.8386398
80.2000000, 0.0180498,-0.0054833, 0.8915105
80.3000000, 0.0147524,-0.0064892, 1.0856765
80.4000000, 0.0151833,-0.0061854, 0.7566459
80.5000000, 0.0150861,-0.0063770, 0.8470002
80.6000000, 0.0155134,-0.0062174, 0.9189129
80.7000000, 0.0159155,-0.0060476, 0.9031323
80.8000000, 0.0177556,-0.0054593, 0.7405682
80.9000000, 0.0136319,-0.0060786, 0.7950497
81.0000000, 0.0159008,-0.0059358, 0.8029237
81.1000000, 0.0143512,-0.0048551
81.2000000, 0.0171602,-0.0050005, 0.8946553
81.3000000, 0.0147305,-0.0055087, 0.8867081
81.4000000, 0.0153217,-0.0072249, 0.8484366
81.5000000, 0.0127894,-0.0051965, 0.8523911
81.6000000, 0.0131828,-0.0052233, 0.8495697
81.7000000, 0.0113489,-0.0053540, 0.7717739
81.8000000, 0.0142023,-0.0052811, 0.7691038
81.9000000, 0.0141534,-0.0053485, 0.7053580
82.0000000, 0.0124402,-0.0047059
82.1000000, 0.0139720,-0.0055888, 0.8160639
82.2000000, 0.0122394,-0.0054787, 0.8165346
82.3000000, 0.0123622,-0.0043735
82.4000000, 0.0128698,-0.0047160, 0.8772819
82.5000000, 0.0106517,-0.0045825, 0.8220967
82.6000000, 0.0116783,-0.0052947, 0.6615673
82.7000000, 0.0115012,-0.0043428, 0.7180850
82.8000000, 0.0113218,-0.0044137
82.9000000, 0.0134859,-0.0037514, 0.6289632
83.0000000, 0.0108012,-0.0045248, 0.7629094
83.1000000, 0.0107396,-0.0045847, 0.6740374
83.2000000, 0.0107387,-0.0037721, 0.6659713
83.3000000, 0.0110111,-0.0042176, 0.6677893
83.4000000, 0.0113799,-0.0050200, 0.6048484
83.5000000, 0.0130042,-0.0046132, 0.7024828
83.6000000, 0.0071442,-0.0044317, 0.5990414
83.7000000, 0.0111462,-0.0047524, 0.6706005
83.8000000, 0.0082018,-0.0034579, 0.5574438
83.9000000, 0.0104963,-0.0039569, 0.6689796
84.0000000, 0.0095450,-0.0034413, 0.5510820
84.1000000, 0.0098495,-0.0032038, 0.7273731
84.2000000, 0.0104643,-0.0039945, 0.5733344
84.3000000, 0.0086652,-0.0039062, 0.6989823
84.4000000, 0.0087067,-0.0029824, 0.5441720
84.5000000, 0.0088610,-0.0034429, 0.6021377
84.6000000, 0.0089355,-0.0039133, 0.6459307
84.7000000, 0.0082997,-0.0038301, 0.5764729
84.8000000, 0.0081984,-0.0033704, 0.6214488
84.9000000, 0.0075720,-0.0036194, 0.5233725
85.0000000, 0.0093008,-0.0028821
85.1000000, 0.0070661,-0.0030120, 0.5157199
85.2000000, 0.0081995,-0.0033584, 0.4895502
85.3000000, 0.0078098,-0.0026963, 0.5797023
85.4000000, 0.0091237,-0.0030507, 0.4810431
85.5000000, 0.0077744,-0.0029224, 0.5446497
85.6000000, 0.0060741,-0.0027767, 0.5375281
85.7000000, 0.0075659,-0.0028871, 0.4747899
85.8000000, 0.0072215,-0.0028023, 0.5097820
85.9000000, 0.0072913,-0.0021932, 0.5565090
86.0000000, 0.0056636,-0.0030298, 0.4643803
86.1000000, 0.0054109,-0.0023087, 0.4292471
86.2000000, 0.0065713,-0.0022874, 0.4849571
86.3000000, 0.0066725,-0.0023054, 0.4483694
86.4000000, 0.0062178,-0.0023824, 0.4324333
86.5000000, 0.0058074,-0.0021955, 0.3305228
86.6000000, 0.0071039,-0.0025683, 0.4023181
86.7000000, 0.0054971,-0.0024743, 0.4394051
86.8000000, 0.0059190,-0.0024140, 0.4372802
86.9000000, 0.0050354,-0.0017772, 0.4040233
87.0000000, 0.0056359,-0.0019544, 0.3927739
87.1000000, 0.0052073,-0.0026634, 0.4268638
87.2000000, 0.0051447,-0.0023453, 0.4606262
87.3000000, 0.0051845,-0.0018245, 0.3909490
87.4000000, 0.0050222,-0.0019829, 0.4011590
87.5000000, 0.0049450,-0.0020711, 0.2904149
87.6000000, 0.0042462,-0.0016505, 0.3903197
87.7000000, 0.0057647,-0.0019212, 0.3306808
87.8000000, 0.0043461,-0.0015466, 0.3361511
87.9000000, 0.0047547,-0.0018958, 0.2557281
88.0000000, 0.0045249,-0.0020588, 0.3266971
88.1000000, 0.0042885,-0.0015148, 0.3487387
88.2000000, 0.0039672,-0.0019183
88.3000000, 0.0034687,-0.0018852, 0.3056162
88.4000000, 0.0042901,-0.0014407, 0.2699043
88.5000000, 0.0036095,-0.0015048, 0.3135829
88.6000000, 0.0042934,-0.0013794
88.7000000, 0.0039669,-0.0013356, 0.2625614
88.8000000, 0.0033382,-0.0013827, 0.3073684
88.9000000, 0.0030008,-0.0013383, 0.3015887
89.0000000, 0.0036703,-0.0013267, 0.3128834
89.1000000, 0.0038356,-0.0012972, 0.2672624
89.2000000, 0.0032392,-0.0013069, 0.2687977
89.3000000, 0.0027378,-0.0014536, 0.2439273
89.4000000, 0.0029117,-0.0012479, 0.2407432
89.5000000, 0.0031649,-0.0011249, 0.2271595
89.6000000, 0.0030660,-0.0011910, 0.2292889
89.7000000, 0.0027350,-0.0011165, 0.2651246
89.8000000, 0.0029950,-0.0011906, 0.2785844
89.9000000, 0.0025631,-0.0010063
90.0000000, 0.0027414,-0.0008779, 0.2169053
90.1000000, 0.0023430,-0.0008083, 0.2006279
90.2000000, 0.0025822,-0.0010019, 0.1438197
90.3000000, 0.0024359,-0.0007543, 0.1815053
90.4000000, 0.0018145,-0.0009494
90.5000000, 0.0023803,-0.0008202, 0.1473753
90.6000000, 0.0020098,-0.0008591, 0.1763971
90.7000000, 0.0021331,-0.0007254, 0.1811726
90.8000000, 0.0019522,-0.0008984, 0.1634676
90.9000000, 0.0018578,-0.0007181
91.0000000, 0.0017519,-0.0007377, 0.1759044
91.1000000, 0.0018713,-0.0006848, 0.1615609
91.2000000, 0.0017250,-0.0004708
91.3000000, 0.0015707,-0.0007325, 0.1368864
91.4000000, 0.0015799,-0.0006870, 0.1532044
91.5000000, 0.0013076,-0.0005132, 0.1339689
91.6000000, 0.0012584,-0.0005856, 0.1317465
91.7000000, 0.0011093,-0.0005846, 0.1219221
91.8000000, 0.0013514,-0.0005167
91.9000000, 0.0011586,-0.0005535, 0.1094707
92.0000000, 0.0011224,-0.0004096, 0.1026790
92.1000000, 0.0010639,-0.0004464, 0.0907892
92.2000000, 0.0011462,-0.0004277, 0.1167638
92.3000000, 0.0010764,-0.0004074, 0.0834430
92.4000000, 0.0008830,-0.0003801, 0.0818356
92.5000000, 0.0008039,-0.0002917, 0.0813729
92.6000000, 0.0007583,-0.0002772, 0.0813843
92.7000000, 0.0006653,-0.0003113, 0.0702901
92.8000000, 0.0006512,-0.0002623, 0.0651159
92.9000000, 0.0007399,-0.0002371, 0.0647231
93.0000000, 0.0006756,-0.0001991, 0.0552036
93.1000000, 0.0005114,-0.0001943
93.2000000, 0.0004558,-0.0001890, 0.0438439
93.3000000, 0.0004322,-0.0001557, 0.0395295
93.4000000, 0.0003484,-0.0001446, 0.0465853
93.5000000, 0.0003358,-0.0001185, 0.0298236
93.6000000, 0.0002841,-0.0001130, 0.0281568
93.7000000, 0.0002125,-0.0001083
93.8000000, 0.0002024,-0.0000765, 0.0193760
93.9000000, 0.0001491,-0.0000614, 0.0187368
94.0000000, 0.0001075,-0.0000415, 0.0102949
94.1000000, 0.0000643,-0.0000245, 0.0053007
94.2000000, 0.0000200,-0.0000064, 0.0024538
94.3000000,-0.0000188, 0.0000086,-0.0024069
94.4000000,-0.0000612, 0.0000280,-0.0048194
94.5000000,-0.0001045, 0.0000375,-0.0105641
94.6000000,-0.0001439, 0.0000498
94.7000000,-0.0002039, 0.0000659,-0.0190619
94.8000000,-0.0002094, 0.0000737,-0.0242786
94.9000000,-0.0002187, 0.0000969
95.0000000,-0.0002577, 0.0001168,-0.0248925
95.1000000,-0.0002784, 0.0001101,-0.0334827
95.2000000,-0.0003206, 0.0001435,-0.0358835
95.3000000,-0.0003974, 0.0001510,-0.0468359
95.4000000,-0.0004954, 0.0001666,-0.0519673
95.5000000,-0.0005390, 0.0001866,-0.0543259
95.6000000,-0.0004589, 0.0002082,-0.0669572
95.7000000,-0.0004630, 0.0002393,-0.0676992
95.8000000,-0.0006230, 0.0002513,-0.0639171
95.9000000,-0.0005640, 0.0002351,-0.0713849
96.0000000,-0.0005107, 0.0002288
96.1000000,-0.0005485, 0.0002459,-0.0649937
96.2000000,-0.0006649, 0.0002371,-0.0742119
96.3000000,-0.0006878, 0.0002334,-0.0821275
96.4000000,-0.0007145, 0.0002565
96.5000000,-0.0006597, 0.0003018,-0.0973104
96.6000000,-0.0005746, 0.0003197,-0.0993097
96.7000000,-0.0008225, 0.0002749,-0.0959416
96.8000000,-0.0007905, 0.0003244,-0.0900368
96.9000000,-0.0009010, 0.0003331,-0.1127072
97.0000000,-0.0007756, 0.0002750,-0.1219028
97.1000000,-0.0008622, 0.0003344,-0.1145658
97.2000000,-0.0007344, 0.0003640,-0.1218645
97.3000000,-0.0008307, 0.0004049,-0.1202302
97.4000000,-0.0008177, 0.0003539,-0.1315684
97.5000000,-0.0009656, 0.0003304,-0.1447302
97.6000000,-0.0011225, 0.0004223,-0.1220002
97.7000000,-0.0008674, 0.0004227,-0.1419844
97.8000000,-0.0009145, 0.0003553,-0.1351078
97.9000000,-0.0009968, 0.0004405,-0.1496769
98.0000000,-0.0008717, 0.0003940
98.1000000,-0.0009120, 0.0003583,-0.1500497
98.2000000,-0.0010472, 0.0004625,-0.1203375
98.3000000,-0.0012872, 0.0003798,-0.1576968
98.4000000,-0.0009921, 0.0004026,-0.1660112
98.5000000,-0.0010917, 0.0004127,-0.1673183
98.6000000,-0.0009937, 0.0004340
98.7000000,-0.0012751, 0.0004665,-0.1528673
98.8000000,-0.0009949, 0.0003941,-0.1542190
98.9000000,-0.0011251, 0.0004813,-0.1591629
99.0000000,-0.0011511, 0.0004924,-0.1986127
99.1000000,-0.0013159, 0.0004730,-0.1738607
99.2000000,-0.0009836, 0.0004420,-0.2013050
99.3000000,-0.0010821, 0.0004925,-0.1998912
99.4000000,-0.0012692, 0.0005415,-0.2124017
99.5000000,-0.0012967, 0.0004521,-0.1695178
99.6000000,-0.0011876, 0.0004784,-0.2077868
99.7000000,-0.0010381, 0.0005439,-0.1847990
99.8000000,-0.0014440, 0.0004356,-0.2248870
99.9000000,-0.0011165, 0.0005446,-0.2153111
