#Funktionen
#        x,    Func 1,    Func 2,    Func 3
 0.0000000, 0.0000000, 0.0049824, 0.0000128
 0.1000000, 0.0000000, 0.0051078, 0.0000137
 0.2000000, 0.0000000, 0.0049651, 0.0000145
 0.3000000, 0.0000000, 0.0047813, 0.0000169
 0.4000000, 0.0000000, 0.0045000, 0.0000151
 0.5000000, 0.0000000, 0.0050124, 0.0000170
 0.6000000, 0.0000000, 0.0048333, 0.0000170
 0.7000000, 0.0000000, 0.0044805, 0.0000176
 0.8000000,          , 0.0049764, 0.0000177
 0.9000000, 0.0000000, 0.0046225, 0.0000185
 1.0000000, 0.0000000, 0.0046376, 0.0000213
 1.1000000,          , 0.0048611, 0.0000218
 1.2000000, 0.0000000, 0.0049656, 0.0000218
 1.3000000, 0.0000000, 0.0050977, 0.0000230
 1.4000000, 0.0000000, 0.0050831, 0.0000226
 1.5000000, 0.0000000, 0.0048818, 0.0000231
 1.6000000, 0.0000000, 0.0048996, 0.0000257
 1.7000000, 0.0000000, 0.0051507, 0.0000254
 1.8000000,          , 0.0051130, 0.0000275
 1.9000000, 0.0000000, 0.0046551, 0.0000296
 2.0000000, 0.0000000, 0.0055483, 0.0000290
 2.1000000, 0.0000000, 0.0051097, 0.0000314
 2.2000000,          , 0.0046733, 0.0000276
 2.3000000, 0.0000000, 0.0053259, 0.0000327
 2.4000000, 0.0000000, 0.0046888, 0.0000367
 2.5000000, 0.0000000, 0.0051999, 0.0000352
 2.6000000,          ,          , 0.0000330
 2.7000000, 0.0000000, 0.0048958, 0.0000404
 2.8000000,          , 0.0050639,          
 2.9000000,          , 0.0049550,          
 3.0000000,          , 0.0048215, 0.0000456
 3.1000000, 0.0000000, 0.0052224, 0.0000459
 3.2000000,          , 0.0056701, 0.0000465
 3.3000000, 0.0000000, 0.0049131, 0.0000472
 3.4000000, 0.0000000, 0.0050929, 0.0000490
 3.5000000, 0.0000000, 0.0047929, 0.0000525
 3.6000000, 0.0000000, 0.0053422, 0.0000535
 3.7000000, 0.0000000, 0.0054437, 0.0000615
 3.8000000, 0.0000000, 0.0050622, 0.0000575
 3.9000000, 0.0000000, 0.0055236, 0.0000558
 4.0000000, 0.0000000, 0.0049129, 0.0000659
 4.1000000, 0.0000000, 0.0053357, 0.0000645
 4.2000000, 0.0000000, 0.0053710, 0.0000660
 4.3000000, 0.0000000, 0.0054032, 0.0000647
 4.4000000, 0.0000000, 0.0055127,          
 4.5000000,          ,          , 0.0000714
 4.6000000, 0.0000000, 0.0056240, 0.0000735
 4.7000000, 0.0000000, 0.0053909, 0.0000811
 4.8000000, 0.0000000, 0.0050993,          
 4.9000000, 0.0000000, 0.0057044, 0.0000819
 5.0000000, 0.0000000,          , 0.0000914
 5.1000000,          , 0.0049384, 0.0000848
 5.2000000,          , 0.0055556, 0.0000935
 5.3000000, 0.0000000, 0.0054750, 0.0000975
 5.4000000, 0.0000000, 0.0054492, 0.0000938
 5.5000000, 0.0000000, 0.0052963,          
 5.6000000, 0.0000000, 0.0059663, 0.0001044
 5.7000000, 0.0000000,          , 0.0001153
 5.8000000, 0.0000000,          , 0.0001088
 5.9000000, 0.0000000, 0.0061368, 0.0001136
 6.0000000, 0.0000000, 0.0050997, 0.0001290
 6.1000000, 0.0000000, 0.0052952, 0.0001295
 6.2000000, 0.0000000, 0.0055876, 0.0001345
 6.3000000, 0.0000000, 0.0054813, 0.0001397
 6.4000000, 0.0000000, 0.0061412, 0.0001423
 6.5000000,          , 0.0058285,          
 6.6000000, 0.0000000, 0.0052338, 0.0001431
 6.7000000, 0.0000000, 0.0058643, 0.0001601
 6.8000000,          , 0.0052827, 0.0001611
 6.9000000, 0.0000000,          , 0.0001651
 7.0000000, 0.0000000, 0.0057184, 0.0001700
 7.1000000, 0.0000000, 0.0055478, 0.0001842
 7.2000000, 0.0000000, 0.0051315,          
 7.3000000, 0.0000000, 0.0064450, 0.0001818
 7.4000000, 0.0000000, 0.0053207, 0.0001993
 7.5000000, 0.0000000, 0.0052593, 0.0002233
 7.6000000, 0.0000000, 0.0052425, 0.0002170
 7.7000000, 0.0000000, 0.0057543, 0.0002130
 7.8000000, 0.0000000,          , 0.0002426
 7.9000000, 0.0000001, 0.0061077, 0.0001988
 8.0000000, 0.0000001, 0.0050414, 0.0002455
 8.1000000, 0.0000001,          , 0.0002654
 8.2000000, 0.0000001, 0.0056141, 0.0002367
 8.3000000,          , 0.0051351, 0.0002496
 8.4000000, 0.0000001, 0.0056945, 0.0002492
 8.5000000, 0.0000001, 0.0057636, 0.0002749
 8.6000000,          , 0.0055498, 0.0002809
 8.7000000, 0.0000001, 0.0055855, 0.0003143
 8.8000000, 0.0000001, 0.0056131, 0.0003099
 8.9000000, 0.0000001, 0.0053828, 0.0003462
 9.0000000, 0.0000001, 0.0058194, 0.0003264
 9.1000000, 0.0000001, 0.0057311, 0.0003490
 9.2000000, 0.0000001, 0.0059927, 0.0003417
 9.3000000, 0.0000001,          , 0.0003606
 9.4000000, 0.0000001, 0.0053971, 0.0003913
 9.5000000, 0.0000001,          , 0.0003918
 9.6000000, 0.0000001, 0.0056164, 0.0003998
 9.7000000, 0.0000001, 0.0061432, 0.0003854
 9.8000000, 0.0000001, 0.0057324, 0.0004030
 9.9000000, 0.0000001, 0.0057375, 0.0004422
10.0000000, 0.0000001, 0.0063064, 0.0004250
10.1000000, 0.0000002, 0.0054013, 0.0004861
10.2000000, 0.0000002, 0.0060297, 0.0004794
10.3000000,          , 0.0058471, 0.0004770
10.4000000, 0.0000002, 0.0059740,          
10.5000000, 0.0000002, 0.0059956, 0.0004935
10.6000000, 0.0000002, 0.0056286,          
10.7000000, 0.0000002, 0.0057610, 0.0005471
10.8000000, 0.0000002, 0.0060362, 0.0005862
10.9000000, 0.0000002, 0.0060879, 0.0005574
11.0000000, 0.0000002, 0.0057620, 0.0005625
11.1000000, 0.0000003, 0.0058185, 0.0006244
11.2000000, 0.0000003, 0.0061779, 0.0006905
11.3000000, 0.0000003, 0.0063056, 0.0006148
11.4000000, 0.0000003, 0.0060250, 0.0006456
11.5000000, 0.0000003, 0.0060140, 0.0006479
11.6000000, 0.0000003,          , 0.0006806
11.7000000, 0.0000004, 0.0059687, 0.0007418
11.8000000, 0.0000004, 0.0061837, 0.0007099
11.9000000, 0.0000004, 0.0060750, 0.0008133
12.0000000, 0.0000004, 0.0058057, 0.0007990
12.1000000,          , 0.0057026, 0.0007859
12.2000000, 0.0000004, 0.0062391, 0.0007911
12.3000000, 0.0000005, 0.0060303, 0.0008737
12.4000000, 0.0000005, 0.0062799, 0.0008520
12.5000000, 0.0000005,          ,          
12.6000000, 0.0000006, 0.0057115, 0.0008915
12.7000000, 0.0000006, 0.0062967, 0.0008905
12.8000000, 0.0000006, 0.0063216, 0.0009398
12.9000000, 0.0000006,          , 0.0009828
13.0000000, 0.0000006, 0.0056904, 0.0010793
13.1000000, 0.0000007, 0.0061368, 0.0010440
13.2000000,          , 0.0062949, 0.0011689
13.3000000, 0.0000007, 0.0062327, 0.0011326
13.4000000, 0.0000007, 0.0065463, 0.0012143
13.5000000, 0.0000008, 0.0060617, 0.0011980
13.6000000, 0.0000009, 0.0064777, 0.0013256
13.7000000, 0.0000009, 0.0058351, 0.0011523
13.8000000, 0.0000009, 0.0066979, 0.0013279
13.9000000, 0.0000009, 0.0063602,          
14.0000000, 0.0000011, 0.0062659, 0.0013435
14.1000000, 0.0000010, 0.0059159,          
14.2000000, 0.0000011, 0.0062957, 0.0014042
14.3000000, 0.0000013, 0.0063167, 0.0014185
14.4000000, 0.0000012, 0.0062848, 0.0015242
14.5000000, 0.0000013, 0.0064092, 0.0014767
14.6000000, 0.0000015, 0.0064902, 0.0014388
14.7000000, 0.0000013, 0.0063887, 0.0016572
14.8000000, 0.0000015, 0.0065434, 0.0016938
14.9000000, 0.0000015,          , 0.0017660
15.0000000, 0.0000016, 0.0063116, 0.0018190
15.1000000, 0.0000017, 0.0058401, 0.0017404
15.2000000, 0.0000018, 0.0061541, 0.0018475
15.3000000,          , 0.0058450,          
15.4000000, 0.0000019, 0.0059510, 0.0019300
15.5000000, 0.0000021, 0.0064293, 0.0019130
15.6000000, 0.0000022, 0.0064329,          
15.7000000, 0.0000021,          , 0.0019547
15.8000000, 0.0000022, 0.0060782, 0.0022477
15.9000000, 0.0000024, 0.0061580, 0.0022332
16.0000000, 0.0000024, 0.0060429, 0.0023140
16.1000000, 0.0000027, 0.0069913, 0.0023189
16.2000000, 0.0000030, 0.0065316, 0.0022059
16.3000000, 0.0000026, 0.0062295,          
16.4000000, 0.0000029, 0.0061562, 0.0025263
16.5000000, 0.0000034, 0.0069527, 0.0024865
16.6000000, 0.0000030, 0.0060277, 0.0024709
16.7000000, 0.0000037, 0.0067823,          
16.8000000,          , 0.0063067, 0.0023947
16.9000000, 0.0000039, 0.0054887, 0.0030173
17.0000000, 0.0000040,          , 0.0031158
17.1000000, 0.0000042, 0.0059912,          
17.2000000, 0.0000044, 0.0066043,          
17.3000000, 0.0000045,          , 0.0031580
17.4000000, 0.0000049, 0.0067039, 0.0030116
17.5000000,          ,          ,          
17.6000000, 0.0000049, 0.0064224, 0.0031172
17.7000000, 0.0000052, 0.0067872, 0.0031432
17.8000000,          , 0.0067911, 0.0033101
17.9000000, 0.0000057, 0.0060481, 0.0035518
18.0000000, 0.0000060, 0.0063598, 0.0033657
18.1000000, 0.0000060, 0.0064185,          
18.2000000, 0.0000065, 0.0061164,          
18.3000000, 0.0000061,          , 0.0038825
18.4000000,          , 0.0066934, 0.0036689
18.5000000, 0.0000072, 0.0068135, 0.0038754
18.6000000, 0.0000071, 0.0061248,          
18.7000000, 0.0000086,          , 0.0040957
18.8000000, 0.0000081, 0.0064083, 0.0042940
18.9000000, 0.0000087,          , 0.0044339
19.0000000, 0.0000084, 0.0065893, 0.0044889
19.1000000, 0.0000092, 0.0065211, 0.0044446
19.2000000, 0.0000103,          , 0.0046605
19.3000000, 0.0000098, 0.0062379, 0.0044462
19.4000000, 0.0000100, 0.0065907, 0.0044651
19.5000000, 0.0000109, 0.0071872,          
19.6000000, 0.0000116, 0.0071524, 0.0048026
19.7000000, 0.0000121, 0.0069657, 0.0046620
19.8000000,          , 0.0067724, 0.0052843
19.9000000, 0.0000126, 0.0068077, 0.0050315
20.0000000, 0.0000128, 0.0066718, 0.0050595
20.1000000, 0.0000134, 0.0060469, 0.0060811
20.2000000, 0.0000151,          , 0.0054882
20.3000000, 0.0000151, 0.0067585, 0.0059888
20.4000000, 0.0000163, 0.0067086, 0.0061537
20.5000000, 0.0000163,          , 0.0064952
20.6000000, 0.0000173, 0.0067428, 0.0066565
20.7000000, 0.0000176, 0.0070215, 0.0059282
20.8000000,          , 0.0070055, 0.0069245
20.9000000, 0.0000173,          , 0.0065014
21.0000000, 0.0000211,          , 0.0062445
21.1000000,          , 0.0068172,          
21.2000000, 0.0000221, 0.0071196, 0.0071755
21.3000000, 0.0000222, 0.0064931, 0.0064574
21.4000000, 0.0000248, 0.0060600,          
21.5000000, 0.0000252, 0.0066270, 0.0076253
21.6000000,          , 0.0067039, 0.0070741
21.7000000, 0.0000273, 0.0072691, 0.0079778
21.8000000, 0.0000272, 0.0066295,          
21.9000000, 0.0000272, 0.0070298, 0.0075929
22.0000000, 0.0000306, 0.0068130, 0.0076610
22.1000000, 0.0000311, 0.0068158, 0.0077055
22.2000000, 0.0000310, 0.0068519, 0.0075008
22.3000000, 0.0000296, 0.0066523, 0.0081139
22.4000000, 0.0000355, 0.0071959, 0.0086713
22.5000000,          , 0.0074116, 0.0078089
22.6000000, 0.0000372, 0.0064806, 0.0089220
22.7000000, 0.0000381, 0.0069495, 0.0095280
22.8000000, 0.0000425, 0.0067515, 0.0085274
22.9000000, 0.0000431, 0.0070613, 0.0087797
23.0000000, 0.0000435, 0.0071280, 0.0092495
23.1000000, 0.0000483, 0.0068430, 0.0085936
23.2000000, 0.0000459, 0.0072984, 0.0096100
23.3000000, 0.0000495, 0.0074935, 0.0101669
23.4000000, 0.0000488, 0.0063716, 0.0098962
23.5000000, 0.0000539, 0.0064914, 0.0107491
23.6000000,          ,          , 0.0103068
23.7000000, 0.0000543, 0.0063570,          
23.8000000,          , 0.0065494, 0.0108096
23.9000000, 0.0000572, 0.0076009, 0.0108982
24.0000000, 0.0000638, 0.0068877, 0.0115498
24.1000000, 0.0000619, 0.0071695, 0.0112872
24.2000000, 0.0000642, 0.0070198, 0.0116130
24.3000000, 0.0000701, 0.0071155, 0.0112804
24.4000000, 0.0000691, 0.0071545, 0.0108629
24.5000000, 0.0000701, 0.0066066, 0.0116070
24.6000000, 0.0000689, 0.0067551, 0.0123671
24.7000000, 0.0000775, 0.0076048, 0.0125985
24.8000000, 0.0000755, 0.0073440,          
24.9000000, 0.0000834, 0.0067443, 0.0127051
25.0000000,          , 0.0072041, 0.0133575
25.1000000, 0.0000841, 0.0069742,          
25.2000000, 0.0001053, 0.0070350, 0.0127178
25.3000000, 0.0000931, 0.0069060, 0.0146914
25.4000000, 0.0001001,          , 0.0140361
25.5000000,          , 0.0063634,          
25.6000000, 0.0001069, 0.0074658,          
25.7000000,          , 0.0068568, 0.0133311
25.8000000, 0.0001139, 0.0073680, 0.0134600
25.9000000, 0.0001259, 0.0070258, 0.0151841
26.0000000, 0.0001186, 0.0073152, 0.0149731
26.1000000, 0.0001389, 0.0077543, 0.0153251
26.2000000, 0.0001265, 0.0067168, 0.0170790
26.3000000, 0.0001336, 0.0066483, 0.0153171
26.4000000, 0.0001418, 0.0069711, 0.0148122
26.5000000, 0.0001368, 0.0066889, 0.0165045
26.6000000, 0.0001464, 0.0063125, 0.0181277
26.7000000, 0.0001516, 0.0073145, 0.0163091
26.8000000, 0.0001489, 0.0073542,          
26.9000000, 0.0001597,          , 0.0173623
27.0000000,          , 0.0076399,          
27.1000000,          , 0.0069502,          
27.2000000, 0.0001803, 0.0072225, 0.0177085
27.3000000, 0.0001928, 0.0069662, 0.0178224
27.4000000, 0.0002009, 0.0067905, 0.0183667
27.5000000, 0.0002140,          , 0.0191453
27.6000000, 0.0002048, 0.0077165, 0.0184815
27.7000000, 0.0002145, 0.0078210, 0.0202814
27.8000000, 0.0002100,          , 0.0183688
27.9000000, 0.0002342, 0.0065014, 0.0163482
28.0000000, 0.0002395, 0.0070837, 0.0190347
28.1000000, 0.0002138, 0.0075546, 0.0200070
28.2000000, 0.0002476, 0.0071757, 0.0182597
28.3000000,          , 0.0068073, 0.0199442
28.4000000, 0.0002763, 0.0068150, 0.0182611
28.5000000, 0.0002703, 0.0072082, 0.0194599
28.6000000, 0.0003243, 0.0072131, 0.0207793
28.7000000, 0.0002833, 0.0068660, 0.0212456
28.8000000, 0.0002737, 0.0072901, 0.0225542
28.9000000, 0.0003080, 0.0066654,          
29.0000000, 0.0003270, 0.0082978,          
29.1000000,          , 0.0074882, 0.0214718
29.2000000, 0.0003453, 0.0073704, 0.0233566
29.3000000,          , 0.0073011, 0.0236683
29.4000000, 0.0003458, 0.0081387, 0.0215904
29.5000000, 0.0003633, 0.0071909, 0.0227384
29.6000000, 0.0004114, 0.0074210,          
29.7000000,          , 0.0068538,          
29.8000000, 0.0004098, 0.0077185, 0.0249351
29.9000000, 0.0004468, 0.0074415, 0.0250792
30.0000000, 0.0004090, 0.0071219, 0.0228680
30.1000000, 0.0004518, 0.0076320, 0.0224628
30.2000000, 0.0004681, 0.0076247, 0.0242419
30.3000000, 0.0004508, 0.0072127,          
30.4000000, 0.0004962, 0.0065822, 0.0262850
30.5000000, 0.0005276, 0.0077748,          
30.6000000, 0.0005632, 0.0079116, 0.0253009
30.7000000, 0.0005369, 0.0072579, 0.0241448
30.8000000, 0.0005670, 0.0066732, 0.0247871
30.9000000, 0.0005784, 0.0074444, 0.0282915
31.0000000, 0.0005569, 0.0081011, 0.0276286
31.1000000, 0.0005728, 0.0080517, 0.0248434
31.2000000,          , 0.0070565, 0.0266058
31.3000000, 0.0006732, 0.0074488, 0.0253889
31.4000000, 0.0006563, 0.0077834, 0.0278729
31.5000000, 0.0006760, 0.0072572, 0.0277480
31.6000000, 0.0007187, 0.0076175, 0.0275948
31.7000000, 0.0007062, 0.0072744, 0.0285629
31.8000000,          , 0.0071093,          
31.9000000, 0.0007541, 0.0072227, 0.0274205
32.0000000, 0.0006958, 0.0075039, 0.0282419
32.1000000, 0.0008283, 0.0082230, 0.0285486
32.2000000, 0.0008877, 0.0073129,          
32.3000000, 0.0009038, 0.0067183, 0.0305413
32.4000000, 0.0008543,          , 0.0291009
32.5000000, 0.0008128, 0.0070706, 0.0320318
32.6000000, 0.0009374, 0.0074440, 0.0285431
32.7000000, 0.0009406, 0.0070362,          
32.8000000, 0.0009675, 0.0077942, 0.0313828
32.9000000, 0.0009669, 0.0072047, 0.0322045
33.0000000, 0.0010560, 0.0075506, 0.0305096
33.1000000, 0.0011602, 0.0081018, 0.0325944
33.2000000, 0.0011680, 0.0073999, 0.0318954
33.3000000, 0.0010394, 0.0077921, 0.0306605
33.4000000, 0.0012237, 0.0070942, 0.0310467
33.5000000, 0.0011524, 0.0071683, 0.0317447
33.6000000, 0.0012179,          , 0.0300634
33.7000000, 0.0011600,          , 0.0329196
33.8000000, 0.0013003, 0.0072937, 0.0330182
33.9000000,          , 0.0079381, 0.0330754
34.0000000, 0.0013852, 0.0075503, 0.0319433
34.1000000,          ,          , 0.0339746
34.2000000, 0.0014721, 0.0078829, 0.0333954
34.3000000, 0.0014383, 0.0079940, 0.0343228
34.4000000, 0.0013950, 0.0073286, 0.0333950
34.5000000, 0.0015784,          , 0.0331761
34.6000000, 0.0015087,          ,          
34.7000000, 0.0015655, 0.0074870, 0.0330912
34.8000000, 0.0016744, 0.0081838, 0.0370612
34.9000000, 0.0016769, 0.0075963, 0.0345688
35.0000000, 0.0018015, 0.0073807, 0.0368841
35.1000000, 0.0017454, 0.0076446, 0.0360919
35.2000000, 0.0019557, 0.0073473, 0.0352706
35.3000000, 0.0018167, 0.0075170, 0.0342259
35.4000000, 0.0018751, 0.0074327, 0.0365522
35.5000000,          , 0.0077898, 0.0351251
35.6000000, 0.0022048, 0.0077151, 0.0344705
35.7000000, 0.0021308, 0.0077458,          
35.8000000, 0.0022745, 0.0074681, 0.0370580
35.9000000, 0.0019574,          , 0.0377656
36.0000000, 0.0022343, 0.0083612, 0.0352511
36.1000000, 0.0022174, 0.0083755, 0.0336641
36.2000000, 0.0024033, 0.0084347, 0.0394433
36.3000000, 0.0022924, 0.0074496, 0.0369428
36.4000000, 0.0023108, 0.0074260, 0.0385680
36.5000000, 0.0026222, 0.0079569,          
36.6000000,          , 0.0082256, 0.0414866
36.7000000, 0.0025773, 0.0077872, 0.0398120
36.8000000,          , 0.0073421, 0.0393075
36.9000000, 0.0029927, 0.0078317, 0.0369098
37.0000000, 0.0031217, 0.0077821, 0.0374104
37.1000000,          , 0.0077561, 0.0354211
37.2000000, 0.0032136, 0.0076234,          
37.3000000, 0.0031824, 0.0078139, 0.0373076
37.4000000, 0.0028684, 0.0077905,          
37.5000000, 0.0030369, 0.0073578,          
37.6000000, 0.0031465, 0.0082328, 0.0403093
37.7000000, 0.0031769, 0.0078334, 0.0375086
37.8000000, 0.0034033, 0.0079704, 0.0400935
37.9000000, 0.0032037, 0.0073249, 0.0408178
38.0000000, 0.0036613, 0.0076834, 0.0389587
38.1000000, 0.0034913, 0.0078677, 0.0388506
38.2000000, 0.0040482, 0.0071391, 0.0421854
38.3000000, 0.0037702, 0.0073887, 0.0397096
38.4000000, 0.0039326, 0.0079800, 0.0387931
38.5000000, 0.0040469,          , 0.0401346
38.6000000, 0.0038796,          , 0.0394159
38.7000000, 0.0040079, 0.0078159, 0.0375852
38.8000000, 0.0043323, 0.0075771, 0.0383058
38.9000000, 0.0043021, 0.0079455, 0.0425054
39.0000000, 0.0041897, 0.0074960, 0.0381678
39.1000000, 0.0045076, 0.0077666, 0.0381455
39.2000000, 0.0044763, 0.0075421, 0.0373247
39.3000000, 0.0046412, 0.0079578, 0.0424247
39.4000000, 0.0045417, 0.0073676, 0.0376387
39.5000000, 0.0047808,          , 0.0394577
39.6000000, 0.0051883, 0.0078295,          
39.7000000,          , 0.0083486, 0.0411030
39.8000000, 0.0050214, 0.0073847, 0.0421204
39.9000000, 0.0053097, 0.0082738, 0.0404531
40.0000000, 0.0053939, 0.0075683, 0.0428702
40.1000000, 0.0053289, 0.0074099, 0.0418471
40.2000000, 0.0053573, 0.0073724, 0.0383417
40.3000000, 0.0056518, 0.0084232, 0.0393212
40.4000000, 0.0061054, 0.0078721, 0.0423191
40.5000000,          , 0.0076097, 0.0388727
40.6000000, 0.0060731, 0.0074884, 0.0397482
40.7000000, 0.0063298, 0.0084744, 0.0404201
40.8000000,          , 0.0083766, 0.0405718
40.9000000,          , 0.0076968, 0.0391994
41.0000000, 0.0061780, 0.0077238, 0.0411453
41.1000000, 0.0063879, 0.0079847, 0.0430912
41.2000000,          , 0.0077541, 0.0406467
41.3000000, 0.0071870,          , 0.0387535
41.4000000, 0.0070355,          ,          
41.5000000,          , 0.0076975, 0.0399553
41.6000000, 0.0070614, 0.0073310, 0.0385032
41.7000000, 0.0069848, 0.0083242, 0.0401869
41.8000000, 0.0075280, 0.0080551, 0.0408368
41.9000000, 0.0071496, 0.0076702, 0.0383517
42.0000000, 0.0073348, 0.0081575, 0.0368443
42.1000000, 0.0079273, 0.0075452, 0.0422326
42.2000000,          , 0.0076437,          
42.3000000, 0.0081807, 0.0077060, 0.0398166
42.4000000, 0.0089906, 0.0085879, 0.0397349
42.5000000, 0.0086089, 0.0082048, 0.0355723
42.6000000, 0.0088728,          , 0.0375998
42.7000000, 0.0094185, 0.0078154, 0.0398299
42.8000000, 0.0085729, 0.0077230, 0.0380146
42.9000000, 0.0091902, 0.0084781, 0.0380461
43.0000000,          ,          , 0.0381609
43.1000000, 0.0093712, 0.0070463, 0.0399541
43.2000000, 0.0105749,          , 0.0350071
43.3000000, 0.0097134, 0.0091417, 0.0379588
43.4000000, 0.0102844, 0.0078568, 0.0375290
43.5000000, 0.0104722, 0.0078230, 0.0383539
43.6000000, 0.0107393, 0.0078194, 0.0383326
43.7000000, 0.0106307, 0.0078121,          
43.8000000, 0.0107295, 0.0081277,          
43.9000000, 0.0100459, 0.0075667, 0.0389401
44.0000000, 0.0115419, 0.0082852,          
44.1000000, 0.0112828,          , 0.0363888
44.2000000, 0.0118693, 0.0079782, 0.0345111
44.3000000,          , 0.0083040, 0.0381592
44.4000000, 0.0121454, 0.0075300, 0.0401278
44.5000000, 0.0126244,          , 0.0343658
44.6000000, 0.0131328, 0.0088131, 0.0328274
44.7000000,          , 0.0079494, 0.0350616
44.8000000, 0.0126973, 0.0080611, 0.0357750
44.9000000, 0.0123466, 0.0076132, 0.0329135
45.0000000, 0.0131014,          , 0.0346249
45.1000000, 0.0132935, 0.0081123,          
45.2000000, 0.0131618, 0.0076377, 0.0350982
45.3000000, 0.0137408, 0.0083317, 0.0349336
45.4000000, 0.0136414, 0.0073094, 0.0359815
45.5000000, 0.0136953, 0.0072924,          
45.6000000, 0.0144533, 0.0083768, 0.0353378
45.7000000, 0.0140048, 0.0077470, 0.0325594
45.8000000, 0.0142786, 0.0080944, 0.0317799
45.9000000, 0.0148034, 0.0087279, 0.0325983
46.0000000,          , 0.0086194, 0.0323615
46.1000000, 0.0153470, 0.0087400,          
46.2000000, 0.0152795, 0.0076046, 0.0319883
46.3000000, 0.0159527, 0.0085679, 0.0333819
46.4000000, 0.0149021, 0.0076222, 0.0336761
46.5000000, 0.0172973, 0.0074216, 0.0290290
46.6000000, 0.0168576, 0.0082537, 0.0298513
46.7000000, 0.0163402, 0.0082430, 0.0310437
46.8000000, 0.0165983, 0.0070925, 0.0311509
46.9000000, 0.0166799, 0.0084373, 0.0326982
47.0000000, 0.0179405, 0.0083033, 0.0319841
47.1000000, 0.0184977,          , 0.0329266
47.2000000, 0.0167569, 0.0080732, 0.0311885
47.3000000, 0.0187303,          , 0.0327639
47.4000000, 0.0177017, 0.0080394,          
47.5000000, 0.0178381, 0.0080113, 0.0314223
47.6000000, 0.0174619, 0.0082822, 0.0292442
47.7000000, 0.0186423,          ,          
47.8000000, 0.0178907, 0.0080883, 0.0279637
47.9000000, 0.0185709, 0.0083521, 0.0298097
48.0000000, 0.0204019, 0.0081174, 0.0290248
48.1000000, 0.0178153, 0.0077317, 0.0275091
48.2000000, 0.0203426, 0.0081201, 0.0275557
48.3000000, 0.0210083, 0.0081923, 0.0268899
48.4000000, 0.0215180,          , 0.0274481
48.5000000, 0.0202323, 0.0081842, 0.0281042
48.6000000, 0.0201757, 0.0079298, 0.0278411
48.7000000, 0.0214093, 0.0082255, 0.0269984
48.8000000, 0.0227598, 0.0082913, 0.0265793
48.9000000, 0.0209836, 0.0080396, 0.0286374
49.0000000, 0.0223937, 0.0076029, 0.0268373
49.1000000, 0.0207430, 0.0083289, 0.0259555
49.2000000, 0.0226870, 0.0087163, 0.0251700
49.3000000,          , 0.0078165, 0.0261584
49.4000000, 0.0241308, 0.0076800, 0.0266052
49.5000000, 0.0219388, 0.0079020, 0.0263463
49.6000000, 0.0243029, 0.0077032, 0.0253434
49.7000000, 0.0241147, 0.0077430,          
49.8000000, 0.0247686, 0.0082549, 0.0248522
49.9000000, 0.0243311, 0.0080974, 0.0237522
50.0000000, 0.0223592, 0.0083163, 0.0228352
50.1000000, 0.0234704, 0.0079404, 0.0241553
50.2000000, 0.0260843, 0.0085001, 0.0230143
50.3000000, 0.0271956, 0.0087166, 0.0236794
50.4000000, 0.0226246, 0.0083623, 0.0236701
50.5000000, 0.0262764, 0.0076387, 0.0226818
50.6000000, 0.0273128, 0.0075897, 0.0258278
50.7000000, 0.0281487, 0.0074994, 0.0206859
50.8000000, 0.0262022, 0.0074772, 0.0206356
50.9000000, 0.0252156, 0.0083357, 0.0220696
51.0000000, 0.0264529, 0.0087823, 0.0218552
51.1000000, 0.0274825, 0.0088023,          
51.2000000, 0.0264426, 0.0080493,          
51.3000000, 0.0276155, 0.0078838, 0.0208720
51.4000000, 0.0266738, 0.0081507, 0.0200074
51.5000000, 0.0267719, 0.0087068, 0.0206088
51.6000000, 0.0303287, 0.0080736, 0.0199025
51.7000000, 0.0277313, 0.0084056, 0.0197064
51.8000000, 0.0275929, 0.0079635, 0.0195576
51.9000000, 0.0271536, 0.0082488, 0.0211471
52.0000000, 0.0317226, 0.0077664, 0.0182555
52.1000000, 0.0313824, 0.0077832, 0.0201234
52.2000000,          , 0.0081737, 0.0208523
52.3000000, 0.0305581, 0.0078323, 0.0186731
52.4000000, 0.0309024,          , 0.0183287
52.5000000, 0.0301231, 0.0076265, 0.0180341
52.6000000, 0.0302892, 0.0084764, 0.0166958
52.7000000, 0.0297244, 0.0078214, 0.0189735
52.8000000, 0.0297965, 0.0081245, 0.0174704
52.9000000, 0.0339355, 0.0087098,          
53.0000000, 0.0302266, 0.0079543,          
53.1000000, 0.0306852,          , 0.0168200
53.2000000, 0.0315220, 0.0077468, 0.0180100
53.3000000, 0.0285900, 0.0074150, 0.0162213
53.4000000, 0.0320164, 0.0081405, 0.0157731
53.5000000, 0.0304077, 0.0079750, 0.0161220
53.6000000, 0.0329557, 0.0074499, 0.0158907
53.7000000, 0.0326442, 0.0076965, 0.0155721
53.8000000, 0.0357167,          , 0.0147672
53.9000000, 0.0318574, 0.0076286, 0.0158133
54.0000000, 0.0345012, 0.0076921, 0.0156228
54.1000000, 0.0315964, 0.0081039, 0.0159404
54.2000000, 0.0347252,          , 0.0157217
54.3000000, 0.0345021, 0.0084782, 0.0148420
54.4000000, 0.0364136, 0.0078834,          
54.5000000, 0.0362508, 0.0067638, 0.0152915
54.6000000, 0.0342410, 0.0080669, 0.0137547
54.7000000, 0.0336675, 0.0076894, 0.0137023
54.8000000, 0.0302122, 0.0079330, 0.0133885
54.9000000,          ,          , 0.0135607
55.0000000, 0.0370555, 0.0080822, 0.0139787
55.1000000, 0.0371252, 0.0077115, 0.0113976
55.2000000, 0.0344239, 0.0078903, 0.0126414
55.3000000, 0.0363460, 0.0079670, 0.0119455
55.4000000, 0.0360105,          , 0.0129775
55.5000000, 0.0353744, 0.0077151, 0.0117599
55.6000000, 0.0363210, 0.0076871, 0.0121839
55.7000000, 0.0347475, 0.0072370, 0.0117614
55.8000000, 0.0338350, 0.0070166, 0.0119809
55.9000000, 0.0389402, 0.0076082, 0.0108875
56.0000000,          , 0.0082117,          
56.1000000,          , 0.0084519, 0.0100360
56.2000000, 0.0383558, 0.0087210, 0.0114332
56.3000000, 0.0362224, 0.0076602, 0.0106548
56.4000000, 0.0366503, 0.0085692, 0.0102849
56.5000000,          , 0.0082574, 0.0096508
56.6000000, 0.0361904, 0.0077781, 0.0094284
56.7000000, 0.0377960, 0.0079114, 0.0091630
56.8000000, 0.0369885,          , 0.0098582
56.9000000, 0.0356899, 0.0081053, 0.0101492
57.0000000, 0.0380295, 0.0082866,          
57.1000000, 0.0397194,          , 0.0084896
57.2000000, 0.0390918, 0.0081709, 0.0093562
57.3000000, 0.0387811, 0.0078102, 0.0086792
57.4000000, 0.0390518, 0.0072255, 0.0092288
57.5000000, 0.0377813, 0.0072797, 0.0085102
57.6000000, 0.0382938, 0.0080493, 0.0072680
57.7000000, 0.0393916, 0.0073616, 0.0088110
57.8000000,          , 0.0068925,          
57.9000000, 0.0372979, 0.0076915, 0.0079576
58.0000000, 0.0386839, 0.0078266,          
58.1000000,          , 0.0073334,          
58.2000000, 0.0444149, 0.0080855, 0.0070060
58.3000000, 0.0344775, 0.0082301, 0.0074462
58.4000000, 0.0396236, 0.0076921, 0.0072146
58.5000000, 0.0411286,          , 0.0070438
58.6000000, 0.0418832, 0.0076147, 0.0067727
58.7000000, 0.0358861, 0.0083628, 0.0062462
58.8000000, 0.0399791, 0.0075013, 0.0071713
58.9000000, 0.0366616, 0.0082556, 0.0063994
59.0000000, 0.0407331, 0.0079047, 0.0063938
59.1000000, 0.0411932, 0.0076750, 0.0059490
59.2000000,          , 0.0076353,          
59.3000000, 0.0397021, 0.0086512, 0.0063382
59.4000000, 0.0393752, 0.0078763,          
59.5000000, 0.0404802, 0.0079338, 0.0061290
59.6000000,          , 0.0074230, 0.0058719
59.7000000, 0.0369979, 0.0077126, 0.0057706
59.8000000, 0.0431093, 0.0083971, 0.0053741
59.9000000, 0.0413895, 0.0075111, 0.0060052
60.0000000, 0.0404592, 0.0085442, 0.0051409
60.1000000, 0.0386918, 0.0073814, 0.0054462
60.2000000,          , 0.0081528, 0.0053629
60.3000000, 0.0406550, 0.0072803, 0.0049353
60.4000000, 0.0413555, 0.0081198, 0.0049487
60.5000000, 0.0394562, 0.0081487, 0.0045247
60.6000000,          , 0.0085853,          
60.7000000, 0.0395722, 0.0076700, 0.0045353
60.8000000, 0.0404014, 0.0085754, 0.0043855
60.9000000, 0.0431471, 0.0076391, 0.0044687
61.0000000, 0.0385213,          , 0.0042713
61.1000000, 0.0412872, 0.0071722, 0.0038984
61.2000000, 0.0443235, 0.0079851,          
61.3000000, 0.0414172, 0.0069229, 0.0039895
61.4000000, 0.0403211, 0.0071605,          
61.5000000, 0.0405750, 0.0075163, 0.0038883
61.6000000, 0.0395295, 0.0076229, 0.0037453
61.7000000, 0.0389623,          , 0.0038604
61.8000000, 0.0392874, 0.0076719, 0.0037893
61.9000000, 0.0389885,          ,          
62.0000000,          , 0.0072651, 0.0035163
62.1000000, 0.0380390,          , 0.0036479
62.2000000,          , 0.0074458, 0.0034441
62.3000000, 0.0377869, 0.0069362,          
62.4000000,          , 0.0077877, 0.0032938
62.5000000, 0.0392376, 0.0082166, 0.0031448
62.6000000, 0.0432607, 0.0073184, 0.0031025
62.7000000,          , 0.0076510, 0.0028440
62.8000000, 0.0386057, 0.0077217, 0.0029539
62.9000000, 0.0394076, 0.0082172,          
63.0000000, 0.0361005, 0.0070772, 0.0027388
63.1000000, 0.0402893,          ,          
63.2000000, 0.0333156, 0.0080795, 0.0027866
63.3000000, 0.0384400, 0.0077120, 0.0025355
63.4000000, 0.0361024,          , 0.0024309
63.5000000, 0.0408536, 0.0075436, 0.0026005
63.6000000, 0.0387949, 0.0080636, 0.0023386
63.7000000, 0.0373653,          , 0.0022035
63.8000000, 0.0360925, 0.0076606, 0.0023115
63.9000000, 0.0342920, 0.0079737, 0.0023431
64.0000000, 0.0393327, 0.0076311, 0.0022190
64.1000000,          ,          , 0.0022250
64.2000000, 0.0344109, 0.0071947, 0.0021700
64.3000000,          , 0.0081967, 0.0021080
64.4000000, 0.0367409, 0.0074950, 0.0019535
64.5000000, 0.0373090,          , 0.0017633
64.6000000,          , 0.0076713, 0.0019898
64.7000000, 0.0365093, 0.0076137, 0.0020793
64.8000000, 0.0347394, 0.0073470, 0.0020283
64.9000000, 0.0364117, 0.0081810, 0.0018464
65.0000000, 0.0344031, 0.0081482, 0.0018604
65.1000000, 0.0348255, 0.0075677, 0.0017201
65.2000000, 0.0316971, 0.0074395,          
65.3000000, 0.0334218, 0.0073318, 0.0015589
65.4000000, 0.0381616, 0.0080065,          
65.5000000, 0.0338607, 0.0084048, 0.0015748
65.6000000, 0.0339561, 0.0075848, 0.0014777
65.7000000, 0.0336029, 0.0074376, 0.0014030
65.8000000, 0.0324498, 0.0077646, 0.0013520
65.9000000, 0.0336522, 0.0077528, 0.0013946
66.0000000, 0.0343693, 0.0078781, 0.0013489
66.1000000, 0.0312608, 0.0078682, 0.0014025
66.2000000, 0.0330916, 0.0074240, 0.0012061
66.3000000,          , 0.0077781, 0.0012600
66.4000000,          , 0.0083767, 0.0013430
66.5000000, 0.0342773, 0.0075609, 0.0012427
66.6000000, 0.0358463, 0.0076919, 0.0010613
66.7000000, 0.0337276, 0.0078458, 0.0011445
66.8000000, 0.0310188, 0.0073262, 0.0011304
66.9000000, 0.0319860,          , 0.0009986
67.0000000,          , 0.0074445, 0.0010180
67.1000000, 0.0341942, 0.0074227, 0.0009905
67.2000000,          , 0.0076017, 0.0010436
67.3000000, 0.0282853, 0.0078890, 0.0009946
67.4000000, 0.0337467, 0.0078405, 0.0009775
67.5000000, 0.0283629, 0.0072673, 0.0008927
67.6000000, 0.0319263,          ,          
67.7000000, 0.0282206, 0.0076854, 0.0008285
67.8000000, 0.0286209, 0.0079584, 0.0008602
67.9000000, 0.0323112, 0.0069787,          
68.0000000, 0.0291705, 0.0075435, 0.0008965
68.1000000, 0.0261530, 0.0070073, 0.0008125
68.2000000,          , 0.0078058, 0.0007421
68.3000000, 0.0284630, 0.0078857, 0.0007365
68.4000000,          ,          ,          
68.5000000, 0.0271194, 0.0075639, 0.0007374
68.6000000, 0.0279270, 0.0083936, 0.0006397
68.7000000, 0.0257687, 0.0075018, 0.0006800
68.8000000, 0.0269588, 0.0071083, 0.0005893
68.9000000, 0.0262893, 0.0076363, 0.0006154
69.0000000, 0.0258499, 0.0076582,          
69.1000000, 0.0279853, 0.0077662, 0.0005782
69.2000000, 0.0242858, 0.0070748, 0.0005737
69.3000000, 0.0262938, 0.0074099,          
69.4000000, 0.0250212, 0.0071986, 0.0005443
69.5000000, 0.0261175, 0.0075947, 0.0005411
69.6000000, 0.0250439,          , 0.0004783
69.7000000, 0.0232234, 0.0075797, 0.0005034
69.8000000,          , 0.0072063, 0.0005014
69.9000000,          ,          ,          
70.0000000, 0.0206774, 0.0070420, 0.0003980
70.1000000, 0.0249781, 0.0072904, 0.0004310
70.2000000, 0.0242316, 0.0074157, 0.0004427
70.3000000, 0.0233723,          , 0.0003453
70.4000000, 0.0218149, 0.0070876, 0.0004148
70.5000000, 0.0239589, 0.0075760, 0.0003732
70.6000000,          , 0.0076283, 0.0003560
70.7000000, 0.0211479, 0.0071229, 0.0003484
70.8000000, 0.0216388, 0.0079390, 0.0003804
70.9000000, 0.0210074, 0.0077835, 0.0003348
71.0000000, 0.0217183, 0.0073025, 0.0003442
71.1000000, 0.0197437, 0.0069645, 0.0003238
71.2000000, 0.0218191, 0.0078860, 0.0002990
71.3000000, 0.0199742, 0.0071455,          
71.4000000,          , 0.0078391, 0.0002805
71.5000000, 0.0222731, 0.0071640, 0.0002727
71.6000000, 0.0199287, 0.0074968, 0.0002750
71.7000000, 0.0205794, 0.0072392, 0.0002571
71.8000000, 0.0200976, 0.0078782, 0.0002790
71.9000000, 0.0202012, 0.0075863, 0.0002438
72.0000000,          , 0.0075765, 0.0002354
72.1000000, 0.0187816, 0.0070154, 0.0002267
72.2000000, 0.0202033, 0.0073222, 0.0002376
72.3000000, 0.0185456, 0.0068887, 0.0002179
72.4000000, 0.0196519, 0.0072087, 0.0001927
72.5000000, 0.0181374, 0.0073314, 0.0002226
72.6000000, 0.0185066, 0.0068403, 0.0001991
72.7000000, 0.0193036,          , 0.0001954
72.8000000, 0.0183976, 0.0077166, 0.0002045
72.9000000, 0.0171046,          , 0.0001787
73.0000000,          ,          , 0.0001752
73.1000000, 0.0167828, 0.0068277, 0.0001648
73.2000000, 0.0166750, 0.0069633,          
73.3000000, 0.0177080, 0.0072778, 0.0001496
73.4000000, 0.0175991, 0.0072545, 0.0001629
73.5000000, 0.0158904,          , 0.0001549
73.6000000, 0.0164839, 0.0070475, 0.0001373
73.7000000, 0.0148384,          , 0.0001250
73.8000000,          ,          , 0.0001394
73.9000000, 0.0147234,          , 0.0001175
74.0000000, 0.0137232,          ,          
74.1000000, 0.0158655,          , 0.0001064
74.2000000, 0.0147356, 0.0072172, 0.0001161
74.3000000, 0.0155337, 0.0074094,          
74.4000000, 0.0139413, 0.0070139, 0.0001031
74.5000000, 0.0141253, 0.0064235,          
74.6000000, 0.0136339, 0.0070783, 0.0000953
74.7000000,          , 0.0067151, 0.0000942
74.8000000, 0.0134078, 0.0065891, 0.0000995
74.9000000, 0.0123743, 0.0071633, 0.0000915
75.0000000, 0.0131141, 0.0068921, 0.0000812
75.1000000, 0.0127712, 0.0070235, 0.0000837
75.2000000, 0.0130806, 0.0064161,          
75.3000000,          , 0.0065897, 0.0000740
75.4000000,          ,          , 0.0000774
75.5000000, 0.0128677, 0.0069322, 0.0000735
75.6000000, 0.0110049, 0.0064885, 0.0000709
75.7000000, 0.0124603,          , 0.0000658
75.8000000, 0.0112333, 0.0070629, 0.0000665
75.9000000, 0.0121229, 0.0070597, 0.0000589
76.0000000, 0.0115037, 0.0073131, 0.0000646
76.1000000, 0.0112450, 0.0065798,          
76.2000000, 0.0112997, 0.0070760, 0.0000558
76.3000000, 0.0107515, 0.0070034, 0.0000590
76.4000000, 0.0106171,          , 0.0000548
76.5000000, 0.0098280, 0.0066103, 0.0000514
76.6000000, 0.0096055, 0.0071794, 0.0000504
76.7000000, 0.0096059,          , 0.0000460
76.8000000, 0.0100624, 0.0071327, 0.0000454
76.9000000, 0.0099822, 0.0065063, 0.0000466
77.0000000, 0.0088528, 0.0073513, 0.0000457
77.1000000, 0.0090445, 0.0072070, 0.0000391
77.2000000, 0.0085442, 0.0067428, 0.0000409
77.3000000, 0.0094451, 0.0071633, 0.0000327
77.4000000, 0.0099033, 0.0067253, 0.0000367
77.5000000, 0.0079117, 0.0070264, 0.0000362
77.6000000,          , 0.0069389,          
77.7000000, 0.0083641, 0.0075370, 0.0000330
77.8000000,          , 0.0073686, 0.0000335
77.9000000, 0.0081411, 0.0071289, 0.0000298
78.0000000,          , 0.0067247, 0.0000337
78.1000000, 0.0081042, 0.0069588, 0.0000284
78.2000000, 0.0075560, 0.0068991, 0.0000274
78.3000000, 0.0067108, 0.0063491,          
78.4000000,          , 0.0065453, 0.0000253
78.5000000, 0.0070015, 0.0069365, 0.0000236
78.6000000, 0.0065635, 0.0065741, 0.0000264
78.7000000, 0.0075364, 0.0068476, 0.0000227
78.8000000, 0.0065466, 0.0063805, 0.0000222
78.9000000, 0.0072688,          ,          
79.0000000,          , 0.0066495, 0.0000197
79.1000000, 0.0064523, 0.0066460,          
79.2000000, 0.0062119, 0.0068912,          
79.3000000, 0.0061702, 0.0063935, 0.0000179
79.4000000, 0.0059083, 0.0070199, 0.0000176
79.5000000, 0.0061073, 0.0069175, 0.0000162
79.6000000, 0.0059522, 0.0071041, 0.0000172
79.7000000, 0.0057115, 0.0065744,          
79.8000000,          , 0.0069975, 0.0000138
79.9000000, 0.0057445, 0.0068390, 0.0000148
80.0000000, 0.0054066, 0.0067300, 0.0000136
80.1000000, 0.0053763, 0.0065409, 0.0000125
80.2000000,          , 0.0065945, 0.0000114
80.3000000, 0.0051519, 0.0071247, 0.0000124
80.4000000, 0.0050325,          , 0.0000115
80.5000000, 0.0050889, 0.0070565, 0.0000107
80.6000000, 0.0047386, 0.0065293, 0.0000096
80.7000000, 0.0045532, 0.0069851, 0.0000100
80.8000000, 0.0049806, 0.0063051, 0.0000102
80.9000000, 0.0045510, 0.0064297, 0.0000089
81.0000000, 0.0043746, 0.0064352, 0.0000098
81.1000000, 0.0042672, 0.0063265, 0.0000085
81.2000000, 0.0046024, 0.0069897, 0.0000084
81.3000000, 0.0040287, 0.0069126,          
81.4000000, 0.0041255, 0.0063552, 0.0000075
81.5000000, 0.0035616, 0.0064683, 0.0000073
81.6000000, 0.0038418, 0.0065144, 0.0000070
81.7000000, 0.0041253, 0.0063109, 0.0000068
81.8000000, 0.0037103, 0.0061977, 0.0000060
81.9000000, 0.0038692,          , 0.0000064
82.0000000, 0.0032631, 0.0058237, 0.0000059
82.1000000, 0.0037273, 0.0057306, 0.0000054
82.2000000, 0.0033940, 0.0062144, 0.0000051
82.3000000, 0.0030167,          , 0.0000048
82.4000000, 0.0030009, 0.0069278, 0.0000049
82.5000000, 0.0034113, 0.0061195, 0.0000046
82.6000000, 0.0031380, 0.0058785, 0.0000041
82.7000000, 0.0029459, 0.0068310, 0.0000044
82.8000000, 0.0030495, 0.0062358, 0.0000042
82.9000000, 0.0028679, 0.0058762, 0.0000041
83.0000000, 0.0025623, 0.0065720, 0.0000037
83.1000000, 0.0028710, 0.0062889, 0.0000036
83.2000000,          , 0.0060656, 0.0000034
83.3000000, 0.0026078, 0.0064703, 0.0000036
83.4000000, 0.0026726, 0.0065163, 0.0000031
83.5000000, 0.0024667, 0.0066759, 0.0000029
83.6000000,          , 0.0065201, 0.0000031
83.7000000, 0.0025993, 0.0066188,          
83.8000000,          , 0.0064286, 0.0000027
83.9000000, 0.0022730, 0.0069000, 0.0000025
84.0000000,          ,          , 0.0000023
84.1000000, 0.0020799, 0.0058998, 0.0000025
84.2000000, 0.0022633, 0.0065589, 0.0000023
84.3000000, 0.0020581, 0.0064216, 0.0000021
84.4000000, 0.0020137, 0.0063294, 0.0000020
84.5000000,          , 0.0060336, 0.0000021
84.6000000, 0.0019546, 0.0066529, 0.0000019
84.7000000, 0.0019726, 0.0062874, 0.0000019
84.8000000, 0.0016595, 0.0061601, 0.0000017
84.9000000, 0.0017371, 0.0061832, 0.0000016
85.0000000,          , 0.0060556, 0.0000018
85.1000000, 0.0017925, 0.0066475,          
85.2000000, 0.0017238,          , 0.0000015
85.3000000, 0.0018249,          , 0.0000014
85.4000000, 0.0015815, 0.0068570, 0.0000013
85.5000000, 0.0015676, 0.0063247, 0.0000014
85.6000000, 0.0014050, 0.0062528, 0.0000012
85.7000000, 0.0014684, 0.0065677, 0.0000012
85.8000000, 0.0012979, 0.0065177, 0.0000011
85.9000000, 0.0013240, 0.0064262, 0.0000010
86.0000000, 0.0013672, 0.0061248, 0.0000009
86.1000000, 0.0012952, 0.0056586,          
86.2000000, 0.0012295, 0.0059137, 0.0000009
86.3000000, 0.0011088, 0.0060301, 0.0000008
86.4000000, 0.0012963, 0.0062243, 0.0000008
86.5000000, 0.0012473, 0.0061149,          
86.6000000, 0.0010628, 0.0058562, 0.0000008
86.7000000,          , 0.0059797, 0.0000008
86.8000000, 0.0010487, 0.0065659, 0.0000007
86.9000000, 0.0010070, 0.0059831, 0.0000006
87.0000000,          , 0.0060657, 0.0000007
87.1000000, 0.0009802, 0.0064564, 0.0000006
87.2000000, 0.0009752, 0.0056231, 0.0000006
87.3000000, 0.0009709,          ,          
87.4000000, 0.0009640, 0.0062179, 0.0000005
87.5000000, 0.0008517, 0.0060103, 0.0000005
87.6000000, 0.0008458, 0.0064426, 0.0000005
87.7000000, 0.0008770, 0.0058586, 0.0000004
87.8000000, 0.0008476, 0.0064766,          
87.9000000,          , 0.0056368, 0.0000004
88.0000000, 0.0007575, 0.0063145, 0.0000004
88.1000000, 0.0008087,          ,          
88.2000000, 0.0006449, 0.0055761, 0.0000004
88.3000000, 0.0007200, 0.0060559, 0.0000003
88.4000000, 0.0006861,          , 0.0000003
88.5000000, 0.0007247, 0.0054925, 0.0000003
88.6000000, 0.0006860,          , 0.0000003
88.7000000, 0.0006782, 0.0059441, 0.0000003
88.8000000, 0.0006288,          , 0.0000003
88.9000000, 0.0005672, 0.0063117,          
89.0000000, 0.0005609, 0.0058928, 0.0000003
89.1000000,          , 0.0059900, 0.0000002
89.2000000, 0.0005559, 0.0060563, 0.0000002
89.3000000, 0.0005398, 0.0060911, 0.0000002
89.4000000, 0.0005435, 0.0053753, 0.0000002
89.5000000, 0.0004779, 0.0055266, 0.0000002
89.6000000, 0.0004771, 0.0056391, 0.0000002
89.7000000, 0.0004926, 0.0055418,          
89.8000000,          , 0.0060202, 0.0000002
89.9000000, 0.0004575, 0.0054517, 0.0000002
90.0000000, 0.0004597, 0.0058828, 0.0000001
90.1000000, 0.0004396,          ,          
90.2000000, 0.0004213, 0.0057525, 0.0000001
90.3000000, 0.0003886, 0.0056861, 0.0000001
90.4000000, 0.0004068, 0.0057210,          
90.5000000, 0.0003821, 0.0056761, 0.0000001
90.6000000, 0.0003818,          , 0.0000001
90.7000000, 0.0003294, 0.0052762, 0.0000001
90.8000000, 0.0003445, 0.0054858,          
90.9000000, 0.0003006, 0.0058573, 0.0000001
91.0000000, 0.0003375, 0.0055659, 0.0000001
91.1000000, 0.0003072, 0.0054470, 0.0000001
91.2000000, 0.0003003, 0.0057189, 0.0000001
91.3000000, 0.0002920, 0.0056066, 0.0000001
91.4000000, 0.0002921, 0.0058695, 0.0000001
91.5000000, 0.0002902,          , 0.0000001
91.6000000, 0.0002982,          , 0.0000001
91.7000000, 0.0002500, 0.0056774, 0.0000001
91.8000000, 0.0002542, 0.0052845, 0.0000001
91.9000000, 0.0002477, 0.0058691, 0.0000001
92.0000000, 0.0002243,          , 0.0000000
92.1000000, 0.0002316,          , 0.0000001
92.2000000, 0.0002231, 0.0055848, 0.0000000
92.3000000, 0.0002048, 0.0053187, 0.0000000
92.4000000, 0.0001974,          , 0.0000000
92.5000000, 0.0002102, 0.0059868,          
92.6000000, 0.0002052, 0.0051701, 0.0000000
92.7000000, 0.0001952, 0.0054891, 0.0000000
92.8000000, 0.0001815, 0.0056377, 0.0000000
92.9000000, 0.0001650, 0.0053279, 0.0000000
93.0000000, 0.0001746, 0.0053631,          
93.1000000, 0.0001614,          , 0.0000000
93.2000000, 0.0001672, 0.0051773, 0.0000000
93.3000000, 0.0001419, 0.0052214, 0.0000000
93.4000000, 0.0001543, 0.0058620, 0.0000000
93.5000000, 0.0001464, 0.0052759, 0.0000000
93.6000000, 0.0001420, 0.0054853, 0.0000000
93.7000000, 0.0001258, 0.0052318, 0.0000000
93.8000000, 0.0001263, 0.0052269,          
93.9000000, 0.0001187, 0.0049755,          
94.0000000, 0.0001240, 0.0048618, 0.0000000
94.1000000, 0.0001253,          , 0.0000000
94.2000000, 0.0001019, 0.0054431, 0.0000000
94.3000000, 0.0001076, 0.0053319, 0.0000000
94.4000000, 0.0001039, 0.0051638, 0.0000000
94.5000000, 0.0001046, 0.0055572, 0.0000000
94.6000000,          , 0.0054412,          
94.7000000, 0.0000930, 0.0049610, 0.0000000
94.8000000,          , 0.0052333, 0.0000000
94.9000000, 0.0000926, 0.0051438, 0.0000000
95.0000000, 0.0000853, 0.0050867, 0.0000000
95.1000000,          , 0.0052981, 0.0000000
95.2000000,          , 0.0048663, 0.0000000
95.3000000, 0.0000809, 0.0054858, 0.0000000
95.4000000, 0.0000693, 0.0051441, 0.0000000
95.5000000, 0.0000815, 0.0053719, 0.0000000
95.6000000, 0.0000754, 0.0052599, 0.0000000
95.7000000, 0.0000768, 0.0052457, 0.0000000
95.8000000, 0.0000714,          ,          
95.9000000,          , 0.0052266, 0.0000000
96.0000000,          , 0.0051217, 0.0000000
96.1000000, 0.0000556,          , 0.0000000
96.2000000, 0.0000547, 0.0054029, 0.0000000
96.3000000, 0.0000514, 0.0046500, 0.0000000
96.4000000, 0.0000522, 0.0054645,          
96.5000000, 0.0000510, 0.0053456, 0.0000000
96.6000000, 0.0000480, 0.0051180, 0.0000000
96.7000000, 0.0000475, 0.0053443, 0.0000000
96.8000000,          , 0.0046416, 0.0000000
96.9000000, 0.0000429, 0.0052825, 0.0000000
97.0000000, 0.0000391, 0.0053267, 0.0000000
97.1000000, 0.0000393, 0.0052058, 0.0000000
97.2000000, 0.0000389, 0.0047606, 0.0000000
97.3000000, 0.0000374, 0.0054960, 0.0000000
97.4000000, 0.0000389, 0.0051824,          
97.5000000, 0.0000320, 0.0050679, 0.0000000
97.6000000, 0.0000370, 0.0050718, 0.0000000
97.7000000, 0.0000325, 0.0047702, 0.0000000
97.8000000, 0.0000303, 0.0050160, 0.0000000
97.9000000, 0.0000303, 0.0049640, 0.0000000
98.0000000, 0.0000292, 0.0052191, 0.0000000
98.1000000, 0.0000259, 0.0052252,          
98.2000000, 0.0000259, 0.0047532, 0.0000000
98.3000000, 0.0000256, 0.0047223, 0.0000000
98.4000000, 0.0000241, 0.0048826,          
98.5000000, 0.0000245, 0.0052091, 0.0000000
98.6000000, 0.0000235, 0.0052238, 0.0000000
98.7000000, 0.0000239, 0.0052804, 0.0000000
98.8000000, 0.0000232, 0.0049959, 0.0000000
98.9000000, 0.0000222, 0.0045902, 0.0000000
99.0000000, 0.0000186, 0.0047671, 0.0000000
99.1000000, 0.0000191,          , 0.0000000
99.2000000, 0.0000195,          , 0.0000000
99.3000000, 0.0000174, 0.0048220, 0.0000000
99.4000000, 0.0000169, 0.0052424, 0.0000000
99.5000000, 0.0000167, 0.0051413, 0.0000000
99.6000000, 0.0000147,          , 0.0000000
99.7000000, 0.0000137, 0.0048703, 0.0000000
99.8000000, 0.0000141, 0.0046120, 0.0000000
99.9000000, 0.0000137, 0.0048834, 0.0000000
