0.000000000000000000e+00 0.000000000000000000e+00
1.000000000000000056e-01 1.319790961948258227e-02
2.000000000000000111e-01 2.989193980811333598e-02
3.000000000000000444e-01 3.781543012085681471e-02
4.000000000000000222e-01 6.805031530036892429e-02
5.000000000000000000e-01 7.172010539958337261e-02
6.000000000000000888e-01 9.010285344768212412e-02
7.000000000000000666e-01 1.117235143707367984e-01
8.000000000000000444e-01 1.387229842515342593e-01
9.000000000000000222e-01 1.009249183167894304e-01
1.000000000000000000e+00 1.324227639599652173e-01
1.100000000000000089e+00 1.634858607451539214e-01
1.200000000000000178e+00 1.923046706228013492e-01
1.300000000000000044e+00 2.112146561953889001e-01
1.400000000000000133e+00 2.264494503998749630e-01
1.500000000000000000e+00 2.717891707747882579e-01
1.600000000000000089e+00 2.819307968780302986e-01
1.700000000000000178e+00 2.836133732585175982e-01
1.800000000000000044e+00 2.027747973579815954e-01
1.900000000000000133e+00 2.671261488951316987e-01
2.000000000000000000e+00 2.868356856352857753e-01
2.100000000000000089e+00 3.077404253420076286e-01
2.200000000000000178e+00 2.950095964786175751e-01
2.300000000000000266e+00 3.200079544317372959e-01
2.400000000000000355e+00 2.978767244932414293e-01
2.500000000000000000e+00 4.333912078004240054e-01
2.600000000000000089e+00 3.623394344938341005e-01
2.700000000000000178e+00 4.168982877788157682e-01
2.800000000000000266e+00 4.687422124689668568e-01
2.900000000000000355e+00 4.413067479008961347e-01
3.000000000000000000e+00 4.659457380388435377e-01
3.100000000000000089e+00 4.983635854053078407e-01
3.200000000000000178e+00 4.468571100321160339e-01
3.300000000000000266e+00 5.622316906582391915e-01
3.400000000000000355e+00 4.196469772232526707e-01
3.500000000000000000e+00 5.287901011858194833e-01
3.600000000000000089e+00 5.485158143935704445e-01
3.700000000000000178e+00 4.789635136669441184e-01
3.800000000000000266e+00 5.247428419947666178e-01
3.900000000000000355e+00 5.390706012021180271e-01
4.000000000000000000e+00 6.372420299907257668e-01
4.100000000000000533e+00 6.536074109180369796e-01
4.200000000000000178e+00 6.593341449506314733e-01
4.299999999999999822e+00 5.649059839005080574e-01
4.400000000000000355e+00 6.137173593541241923e-01
4.500000000000000000e+00 6.120198915309380538e-01
4.600000000000000533e+00 8.612271227020998898e-01
4.700000000000000178e+00 6.420728222893544723e-01
4.800000000000000711e+00 6.653787557938470876e-01
4.900000000000000355e+00 6.427070342801879388e-01
5.000000000000000000e+00 6.235970691633769825e-01
5.100000000000000533e+00 7.482866143736920383e-01
5.200000000000000178e+00 8.201396881865271604e-01
5.300000000000000711e+00 8.042966042453494335e-01
5.400000000000000355e+00 8.065634261648636505e-01
5.500000000000000000e+00 7.486792950377115785e-01
5.600000000000000533e+00 6.989183576323254599e-01
5.700000000000000178e+00 8.506665061179348175e-01
5.800000000000000711e+00 7.470482538695805141e-01
5.900000000000000355e+00 8.684154144154768717e-01
6.000000000000000000e+00 9.500359616593235801e-01
6.100000000000000533e+00 7.484303508662182303e-01
6.200000000000000178e+00 8.007471980384326393e-01
6.300000000000000711e+00 8.682067453399099355e-01
6.400000000000000355e+00 8.803537694489063092e-01
6.500000000000000000e+00 9.251856617946617733e-01
6.600000000000000533e+00 7.164558682748223273e-01
6.700000000000000178e+00 9.071309906557352143e-01
6.800000000000000711e+00 8.577019782179916563e-01
6.900000000000000355e+00 7.902798895040629157e-01
7.000000000000000000e+00 9.507502460625698593e-01
7.100000000000000533e+00 9.441933616157773823e-01
7.200000000000000178e+00 9.224160617830825526e-01
7.300000000000000711e+00 8.750257730383326216e-01
7.400000000000000355e+00 8.707649299249580199e-01
7.500000000000000000e+00 9.171378427801301081e-01
7.600000000000000533e+00 8.276580465134203424e-01
7.700000000000000178e+00 9.676490824728121165e-01
7.800000000000000711e+00 8.379386563229228591e-01
7.900000000000000355e+00 9.236933528278156169e-01
8.000000000000000000e+00 8.089145225113401061e-01
8.099999999999999645e+00 1.014692561802916337e+00
8.200000000000001066e+00 8.132936132733739054e-01
8.300000000000000711e+00 9.985428645863944075e-01
8.400000000000000355e+00 8.567090440089738523e-01
8.500000000000000000e+00 8.400906612059755307e-01
8.599999999999999645e+00 1.021548733524157981e+00
8.700000000000001066e+00 9.976136031740404642e-01
8.800000000000000711e+00 9.872728776401779038e-01
8.900000000000000355e+00 1.003682244071450569e+00
9.000000000000000000e+00 9.364061318906771181e-01
9.099999999999999645e+00 7.583954131556879252e-01
9.200000000000001066e+00 1.065079901708143151e+00
9.300000000000000711e+00 9.441346545751315711e-01
9.400000000000000355e+00 1.055364717434600363e+00
9.500000000000000000e+00 8.969131004057890877e-01
9.600000000000001421e+00 8.576331239192520606e-01
9.700000000000001066e+00 1.002651138578834811e+00
9.800000000000000711e+00 1.013911204284820622e+00
9.900000000000000355e+00 9.297994513181594423e-01
1.000000000000000000e+01 9.717994890948590259e-01
1.010000000000000142e+01 1.002007188575857022e+00
1.020000000000000107e+01 1.036217121494387827e+00
1.030000000000000071e+01 1.008495307483698866e+00
1.040000000000000036e+01 1.079123415400542907e+00
1.050000000000000000e+01 1.207454428750643238e+00
1.060000000000000142e+01 7.939842438389146384e-01
1.070000000000000107e+01 8.761497931774584469e-01
1.080000000000000071e+01 1.155821239719427629e+00
1.090000000000000036e+01 1.022532016498832519e+00
1.100000000000000000e+01 8.325402133645760649e-01
1.110000000000000142e+01 1.100454085376788349e+00
1.120000000000000107e+01 9.983997329134854937e-01
1.130000000000000071e+01 9.520734134106477731e-01
1.140000000000000036e+01 9.131470320833514620e-01
1.150000000000000000e+01 1.056332242584824943e+00
1.160000000000000142e+01 9.511734787200659680e-01
1.170000000000000107e+01 9.542683691064499651e-01
1.180000000000000071e+01 9.637752775801435856e-01
1.190000000000000036e+01 9.709982613917267358e-01
1.200000000000000000e+01 1.143451178351130970e+00
1.210000000000000142e+01 8.440173673633697415e-01
1.220000000000000107e+01 9.669661088442870200e-01
1.230000000000000071e+01 7.265157329240858886e-01
1.240000000000000036e+01 9.045646239454496751e-01
1.250000000000000000e+01 8.787244490867798241e-01
1.260000000000000142e+01 7.650250102205881086e-01
1.270000000000000107e+01 9.106625640795443788e-01
1.280000000000000071e+01 8.927360774320486358e-01
1.290000000000000036e+01 8.714158984305775402e-01
1.300000000000000000e+01 1.036529701500885192e+00
1.310000000000000142e+01 9.880998457485288267e-01
1.320000000000000107e+01 7.705572433463957482e-01
1.330000000000000071e+01 7.277858156500784936e-01
1.340000000000000036e+01 8.996505313646530055e-01
1.350000000000000000e+01 7.824472128570783003e-01
1.360000000000000142e+01 8.975947207728708355e-01
1.370000000000000107e+01 9.085542811854478984e-01
1.380000000000000071e+01 8.510595581098477913e-01
1.390000000000000036e+01 8.945615174608197995e-01
1.400000000000000000e+01 7.870131206604958907e-01
1.410000000000000142e+01 8.953476995459407339e-01
1.420000000000000107e+01 6.761800948313396731e-01
1.430000000000000071e+01 8.086929439478944825e-01
1.440000000000000036e+01 7.019586187124735588e-01
1.450000000000000000e+01 7.875691495990428947e-01
1.460000000000000142e+01 7.522341816850740548e-01
1.470000000000000107e+01 8.235500377733234734e-01
1.480000000000000071e+01 8.093315149780828666e-01
1.490000000000000036e+01 7.179965099487529701e-01
1.500000000000000000e+01 6.609457809065184541e-01
1.510000000000000142e+01 6.428790683455434252e-01
1.520000000000000107e+01 6.871663821255443727e-01
1.530000000000000071e+01 6.054103271873820802e-01
1.540000000000000036e+01 5.838580327065053810e-01
1.550000000000000000e+01 6.351344625456740722e-01
1.560000000000000142e+01 7.782136566348217821e-01
1.570000000000000107e+01 6.355124384693568995e-01
1.580000000000000071e+01 4.637429082703746763e-01
1.590000000000000036e+01 5.212623523382473589e-01
1.600000000000000000e+01 5.994186411292887762e-01
1.610000000000000142e+01 5.419058706069602716e-01
1.619999999999999929e+01 4.531381768357153339e-01
1.630000000000000071e+01 6.026747315756355583e-01
1.640000000000000213e+01 6.605264699998322220e-01
1.650000000000000000e+01 6.385923536040896131e-01
1.660000000000000142e+01 5.275514848540059365e-01
1.669999999999999929e+01 4.742833558746136213e-01
1.680000000000000071e+01 4.334197169989090770e-01
1.690000000000000213e+01 4.908025104823414697e-01
1.700000000000000000e+01 4.145647483761603080e-01
1.710000000000000142e+01 4.426660769548788621e-01
1.719999999999999929e+01 4.606425668789865258e-01
1.730000000000000071e+01 3.738814349366664791e-01
1.740000000000000213e+01 3.814021384667122816e-01
1.750000000000000000e+01 3.392076336133592607e-01
1.760000000000000142e+01 3.939193844974340775e-01
1.769999999999999929e+01 3.230315335314236647e-01
1.780000000000000071e+01 3.699271025984782746e-01
1.790000000000000213e+01 2.969897754444745797e-01
1.800000000000000000e+01 3.267137971580835187e-01
1.810000000000000142e+01 3.047956062504774133e-01
1.819999999999999929e+01 2.951937624987394648e-01
1.830000000000000071e+01 2.731751142945070265e-01
1.840000000000000213e+01 2.256914257667605450e-01
1.850000000000000000e+01 1.822631092070181591e-01
1.860000000000000142e+01 2.401263381249668649e-01
1.869999999999999929e+01 2.005280668844360847e-01
1.880000000000000071e+01 2.069390915472069659e-01
1.890000000000000213e+01 1.889758866925076441e-01
1.900000000000000000e+01 1.516284288330966845e-01
1.910000000000000142e+01 1.434555587219564776e-01
1.920000000000000284e+01 1.176077046264770304e-01
1.930000000000000071e+01 1.005029309784813557e-01
1.940000000000000213e+01 8.870373515215682070e-02
1.950000000000000000e+01 7.309759019355720200e-02
1.960000000000000142e+01 5.703914936210500303e-02
1.970000000000000284e+01 5.006875757842339097e-02
1.980000000000000071e+01 3.220829972807116165e-02
1.990000000000000213e+01 2.008168112376965478e-02
2.000000000000000000e+01 1.216033437364655463e-16
2.010000000000000142e+01 -1.452035061802048506e-02
2.020000000000000284e+01 -2.741409809965826561e-02
2.030000000000000071e+01 -5.018649295769250090e-02
2.040000000000000213e+01 -5.394857537642999690e-02
2.050000000000000000e+01 -7.636382477101819055e-02
2.060000000000000142e+01 -9.089953443822679224e-02
2.070000000000000284e+01 -1.201319230564053403e-01
2.080000000000000071e+01 -1.272752187965290604e-01
2.090000000000000213e+01 -1.156998009022401908e-01
2.100000000000000000e+01 -1.679657370125606786e-01
2.110000000000000142e+01 -1.911604897404925729e-01
2.120000000000000284e+01 -1.856863623930298246e-01
2.130000000000000071e+01 -1.714837234599695392e-01
2.140000000000000213e+01 -2.325629892765062323e-01
2.150000000000000000e+01 -2.360544431472393068e-01
2.160000000000000142e+01 -2.506471029088641611e-01
2.170000000000000284e+01 -2.726442934410172048e-01
2.180000000000000071e+01 -2.508027150004746852e-01
2.190000000000000213e+01 -2.862626657071588587e-01
2.200000000000000000e+01 -2.991301432465648391e-01
2.210000000000000142e+01 -3.191157296800729570e-01
2.220000000000000284e+01 -3.941042694661430201e-01
2.230000000000000071e+01 -3.313162620561421190e-01
2.240000000000000213e+01 -3.352536348525876897e-01
2.250000000000000000e+01 -3.643450524916937994e-01
2.260000000000000142e+01 -3.999361803529915549e-01
2.270000000000000284e+01 -3.482801491789702109e-01
2.280000000000000071e+01 -4.168869686830398713e-01
2.290000000000000213e+01 -4.607804555080543540e-01
2.300000000000000000e+01 -4.618392362865541556e-01
2.310000000000000142e+01 -4.567561323922785799e-01
2.320000000000000284e+01 -4.748740923800387481e-01
2.330000000000000071e+01 -5.081006087581907416e-01
2.340000000000000213e+01 -4.676022036255156333e-01
2.350000000000000000e+01 -4.863533235736757221e-01
2.360000000000000142e+01 -5.177306417738237743e-01
2.370000000000000284e+01 -5.442243577850923719e-01
2.380000000000000071e+01 -5.644850329981222492e-01
2.390000000000000213e+01 -5.420858272903746888e-01
2.400000000000000000e+01 -6.005420220553916444e-01
2.410000000000000142e+01 -6.301279690258866362e-01
2.420000000000000284e+01 -6.068257218906125683e-01
2.430000000000000071e+01 -6.959475526330727302e-01
2.440000000000000213e+01 -5.778651034944248810e-01
2.450000000000000000e+01 -6.972590471367455800e-01
2.460000000000000142e+01 -5.609110872786239321e-01
2.470000000000000284e+01 -6.382380818326380822e-01
2.480000000000000071e+01 -6.678860767522659669e-01
2.490000000000000213e+01 -6.365545111031671865e-01
2.500000000000000000e+01 -6.207490777538893223e-01
2.510000000000000142e+01 -8.014059180818235983e-01
2.520000000000000284e+01 -8.059677237743096967e-01
2.530000000000000071e+01 -7.298011196260011380e-01
2.540000000000000213e+01 -7.940677048414438444e-01
2.550000000000000000e+01 -7.792979610921799694e-01
2.560000000000000142e+01 -8.694477115130661016e-01
2.570000000000000284e+01 -7.218407147142628100e-01
2.580000000000000071e+01 -9.100536040299995744e-01
2.590000000000000213e+01 -8.528028541592374001e-01
2.600000000000000000e+01 -7.782497952886434645e-01
2.610000000000000142e+01 -7.317762020881637408e-01
2.620000000000000284e+01 -8.664168297462808699e-01
2.630000000000000071e+01 -6.620269428900178443e-01
2.640000000000000213e+01 -8.052761855027826821e-01
2.650000000000000000e+01 -7.696994095961423588e-01
2.660000000000000142e+01 -8.639480187136887590e-01
2.670000000000000284e+01 -8.091355681263622257e-01
2.680000000000000071e+01 -9.366931894513772505e-01
2.690000000000000213e+01 -7.435182593967112341e-01
2.700000000000000000e+01 -8.763419712398511363e-01
2.710000000000000142e+01 -9.379064193471174926e-01
2.720000000000000284e+01 -8.019882200871948363e-01
2.730000000000000071e+01 -8.914148036315268087e-01
2.740000000000000213e+01 -7.979751649771179567e-01
2.750000000000000000e+01 -9.194079946031527006e-01
2.760000000000000142e+01 -8.984053254121372456e-01
2.770000000000000284e+01 -8.350858992422555138e-01
2.780000000000000071e+01 -9.179490968712009646e-01
2.790000000000000213e+01 -1.090076549448939724e+00
2.800000000000000000e+01 -1.033795397838813912e+00
2.810000000000000142e+01 -9.905443450606679079e-01
2.820000000000000284e+01 -1.038737946324839845e+00
2.830000000000000071e+01 -9.705045016598580210e-01
2.840000000000000213e+01 -8.878543017013565963e-01
2.850000000000000000e+01 -1.055643038053722282e+00
2.860000000000000142e+01 -8.476441390203870441e-01
2.870000000000000284e+01 -1.168801535662360669e+00
2.880000000000000071e+01 -1.019630449832400032e+00
2.890000000000000213e+01 -9.772850000911189605e-01
2.900000000000000000e+01 -9.838384847269252553e-01
2.910000000000000142e+01 -1.012701388102494215e+00
2.920000000000000284e+01 -1.023873821580338017e+00
2.930000000000000071e+01 -8.807238543006603582e-01
2.940000000000000213e+01 -1.014234884533240733e+00
2.950000000000000000e+01 -9.190359308931408400e-01
2.960000000000000142e+01 -1.011677335348640350e+00
2.970000000000000284e+01 -9.283263364195584177e-01
2.980000000000000071e+01 -9.685027289840101306e-01
2.990000000000000213e+01 -1.077747145051592303e+00
3.000000000000000000e+01 -1.002722792561494325e+00
3.010000000000000142e+01 -1.094526875898888862e+00
3.020000000000000284e+01 -8.069899773266715481e-01
3.030000000000000071e+01 -1.166591948864572625e+00
3.040000000000000213e+01 -7.511361042798699872e-01
3.050000000000000000e+01 -1.142091700197660931e+00
3.060000000000000142e+01 -1.005330242815983599e+00
3.070000000000000284e+01 -1.109089692632862834e+00
3.080000000000000071e+01 -9.258442497357551870e-01
3.090000000000000213e+01 -9.505615696310822926e-01
3.100000000000000000e+01 -6.238542473598878146e-01
3.110000000000000142e+01 -9.341165477317523447e-01
3.120000000000000284e+01 -9.002536485819790935e-01
3.130000000000000071e+01 -1.039416895555754339e+00
3.140000000000000213e+01 -9.371116427804812021e-01
3.150000000000000000e+01 -7.049930189586581797e-01
3.160000000000000142e+01 -9.686610072930919024e-01
3.170000000000000284e+01 -8.120605875187619782e-01
3.180000000000000071e+01 -9.881233912390389174e-01
3.190000000000000213e+01 -1.140636655907433461e+00
3.200000000000000000e+01 -8.790791604132380810e-01
3.210000000000000142e+01 -1.102993627542912636e+00
3.220000000000000284e+01 -8.561550740615273547e-01
3.230000000000000426e+01 -1.144370769780104657e+00
3.239999999999999858e+01 -9.625750911406563137e-01
3.250000000000000000e+01 -9.883840527035618884e-01
3.260000000000000142e+01 -8.697325748307040971e-01
3.270000000000000284e+01 -8.214131287556305505e-01
3.280000000000000426e+01 -9.852439982720839762e-01
3.289999999999999858e+01 -1.000386675610356324e+00
3.300000000000000000e+01 -1.013836133321994071e+00
3.310000000000000142e+01 -6.926575713858864614e-01
3.320000000000000284e+01 -8.241775434186783267e-01
3.330000000000000426e+01 -9.720148501757408521e-01
3.339999999999999858e+01 -9.568839303747084246e-01
3.350000000000000000e+01 -9.811610545148885532e-01
3.360000000000000142e+01 -8.631793149166143708e-01
3.370000000000000284e+01 -7.965578519391965928e-01
3.380000000000000426e+01 -7.776702625903048061e-01
3.389999999999999858e+01 -8.132338789007692581e-01
3.400000000000000000e+01 -7.182309691378784278e-01
3.410000000000000142e+01 -7.369041094426985739e-01
3.420000000000000284e+01 -7.828557164374490007e-01
3.430000000000000426e+01 -8.844292777873516975e-01
3.439999999999999858e+01 -7.824944658622678961e-01
3.450000000000000000e+01 -6.607217173961166257e-01
3.460000000000000142e+01 -7.996866301794378629e-01
3.470000000000000284e+01 -6.766958513237962825e-01
3.480000000000000426e+01 -6.883479883166763180e-01
3.489999999999999858e+01 -6.684597506767264719e-01
3.500000000000000000e+01 -7.006741198064696530e-01
3.510000000000000142e+01 -7.683083381259316891e-01
3.520000000000000284e+01 -7.068217993016895351e-01
3.530000000000000426e+01 -7.142797978011254934e-01
3.539999999999999858e+01 -5.693757339251683813e-01
3.550000000000000000e+01 -7.542804802551905663e-01
3.560000000000000142e+01 -5.528933444044483725e-01
3.570000000000000284e+01 -7.471634780710600943e-01
3.580000000000000426e+01 -4.921828098961203990e-01
3.589999999999999858e+01 -6.236004725147852312e-01
3.600000000000000000e+01 -5.978634547706530578e-01
3.610000000000000142e+01 -4.971356964639165321e-01
3.620000000000000284e+01 -3.929574385016741944e-01
3.630000000000000426e+01 -4.977384683399521115e-01
3.639999999999999858e+01 -5.024483742205662073e-01
3.650000000000000000e+01 -5.118026567578816133e-01
3.660000000000000142e+01 -5.730148943940607253e-01
3.670000000000000284e+01 -4.845715502693653809e-01
3.680000000000000426e+01 -5.086135735940018332e-01
3.689999999999999858e+01 -4.054627634244430956e-01
3.700000000000000000e+01 -4.328605100542021744e-01
3.710000000000000142e+01 -3.983959725157852350e-01
3.720000000000000284e+01 -5.065226253284823565e-01
3.730000000000000426e+01 -4.479504165706837959e-01
3.739999999999999858e+01 -3.795406636166861469e-01
3.750000000000000000e+01 -4.362263914393947339e-01
3.760000000000000142e+01 -3.696470184518569346e-01
3.770000000000000284e+01 -3.969981229769697917e-01
3.780000000000000426e+01 -3.247846247326630076e-01
3.789999999999999858e+01 -3.556456890884585609e-01
3.800000000000000000e+01 -2.992147770291723741e-01
3.810000000000000142e+01 -3.012794948756277735e-01
3.820000000000000284e+01 -2.591455317340587983e-01
3.830000000000000426e+01 -2.765838974793837224e-01
3.840000000000000568e+01 -2.330482252502517337e-01
3.850000000000000000e+01 -2.650373011658535005e-01
3.860000000000000142e+01 -2.167295072607184625e-01
3.870000000000000284e+01 -2.231453663461301917e-01
3.880000000000000426e+01 -1.709966930537950014e-01
3.890000000000000568e+01 -1.906205092207743090e-01
3.900000000000000000e+01 -1.628901466473886006e-01
3.910000000000000142e+01 -1.280547925594009429e-01
3.920000000000000284e+01 -1.163207608183873254e-01
3.930000000000000426e+01 -1.056032350660689456e-01
3.940000000000000568e+01 -9.928532403916304205e-02
3.950000000000000000e+01 -7.525440534237515244e-02
3.960000000000000142e+01 -6.410711746276701040e-02
3.970000000000000284e+01 -5.303927236983746463e-02
3.980000000000000426e+01 -2.744244043761739915e-02
3.990000000000000568e+01 -1.255375910646548340e-02
4.000000000000000000e+01 -2.220452101837042613e-16
4.010000000000000142e+01 1.788090449325371173e-02
4.020000000000000284e+01 2.646989945463037314e-02
4.030000000000000426e+01 4.633661525406763265e-02
4.040000000000000568e+01 6.095311613790162925e-02
4.050000000000000000e+01 7.021507066833181099e-02
4.060000000000000142e+01 1.013296497833485466e-01
4.070000000000000284e+01 1.072677785541382295e-01
4.080000000000000426e+01 1.082951117523128504e-01
4.090000000000000568e+01 1.419827014390713793e-01
4.100000000000000000e+01 1.769933755610970660e-01
4.110000000000000142e+01 1.361148788735772608e-01
4.120000000000000284e+01 1.967230853175949978e-01
4.130000000000000426e+01 2.210784957347707858e-01
4.140000000000000568e+01 2.180849962641355222e-01
4.150000000000000000e+01 2.775010296068421423e-01
4.160000000000000142e+01 2.134595100480017049e-01
4.170000000000000284e+01 2.485310453008978127e-01
4.180000000000000426e+01 2.738395932641346509e-01
4.190000000000000568e+01 2.796980565956085352e-01
4.200000000000000000e+01 3.292947076843703025e-01
4.210000000000000142e+01 3.204905085564234701e-01
4.220000000000000284e+01 3.564830334185120075e-01
4.230000000000000426e+01 3.025045603797019700e-01
4.240000000000000568e+01 4.173398491904678487e-01
4.250000000000000000e+01 4.651733479063343002e-01
4.260000000000000142e+01 3.340964238414996235e-01
4.270000000000000284e+01 4.330202599870631164e-01
4.280000000000000426e+01 4.580913076530004346e-01
4.290000000000000568e+01 4.332570601749829997e-01
4.300000000000000000e+01 5.247421234448482741e-01
4.310000000000000142e+01 4.234595671778467185e-01
4.320000000000000284e+01 4.477477918933833734e-01
4.330000000000000426e+01 4.869221685251658438e-01
4.340000000000000568e+01 5.690083775016224754e-01
4.350000000000000000e+01 5.084695583513980655e-01
4.360000000000000142e+01 4.770044811644664207e-01
4.370000000000000284e+01 4.351372589743107699e-01
4.380000000000000426e+01 7.153909284730388674e-01
4.390000000000000568e+01 5.185320349722705169e-01
4.400000000000000000e+01 6.523775744959157130e-01
4.410000000000000142e+01 5.422822269707350262e-01
4.420000000000000284e+01 6.736628975589851187e-01
4.430000000000000426e+01 5.807567452391299012e-01
4.440000000000000568e+01 6.660452137018124663e-01
4.450000000000000000e+01 6.783387165069626468e-01
4.460000000000000142e+01 7.353311228746444161e-01
4.470000000000000284e+01 5.684539223556122067e-01
4.480000000000000426e+01 8.442583374788319439e-01
4.490000000000000568e+01 6.478109084048923050e-01
4.500000000000000000e+01 7.482139114918601175e-01
4.510000000000000142e+01 7.056381870790457977e-01
4.520000000000000284e+01 8.449872192545836436e-01
4.530000000000000426e+01 7.111365788463288595e-01
4.540000000000000568e+01 6.266079902291168402e-01
4.550000000000000000e+01 8.392267667283548338e-01
4.560000000000000142e+01 8.095221885760810476e-01
4.570000000000000284e+01 8.330862523949110754e-01
4.580000000000000426e+01 7.655139704749944762e-01
4.590000000000000568e+01 8.876102978952926659e-01
4.600000000000000000e+01 9.346614994023916267e-01
4.610000000000000142e+01 8.462720173299603799e-01
4.620000000000000284e+01 8.014315148348850615e-01
4.630000000000000426e+01 9.059134276497123883e-01
4.640000000000000568e+01 8.741333788911767044e-01
4.650000000000000000e+01 8.587581076544638092e-01
4.660000000000000142e+01 9.168531263287695854e-01
4.670000000000000284e+01 7.450321792285760081e-01
4.680000000000000426e+01 8.080287796333796013e-01
4.690000000000000568e+01 9.844357904095114575e-01
4.700000000000000000e+01 8.524561587212532432e-01
4.710000000000000142e+01 8.616579187196877765e-01
4.720000000000000284e+01 9.235640508700124762e-01
4.730000000000000426e+01 7.855651558429189718e-01
4.740000000000000568e+01 9.796668779628184831e-01
4.750000000000000000e+01 9.231078757078907682e-01
4.760000000000000142e+01 1.080209763381004162e+00
4.770000000000000284e+01 8.182709570734800764e-01
4.780000000000000426e+01 1.039179805356081010e+00
4.790000000000000568e+01 8.457769599584897824e-01
4.800000000000000000e+01 8.749600632361660413e-01
4.810000000000000142e+01 1.000599976744609876e+00
4.820000000000000284e+01 9.298024764764266648e-01
4.830000000000000426e+01 8.429276140618174873e-01
4.840000000000000568e+01 9.944829953045029036e-01
4.850000000000000000e+01 9.048984245979436736e-01
4.860000000000000142e+01 1.040129471775760539e+00
4.870000000000000284e+01 9.048870130253517940e-01
4.880000000000000426e+01 1.043663275178490890e+00
4.890000000000000568e+01 9.071824807321282602e-01
4.900000000000000000e+01 8.927962578405994609e-01
4.910000000000000142e+01 1.165347484536006117e+00
4.920000000000000284e+01 1.071461106141966324e+00
4.930000000000000426e+01 1.067555720482503467e+00
4.940000000000000568e+01 1.116018796075771036e+00
4.950000000000000000e+01 9.775446163777541386e-01
4.960000000000000142e+01 1.048431401389929851e+00
4.970000000000000284e+01 1.080288543341082708e+00
4.980000000000000426e+01 9.088812205999309279e-01
4.990000000000000568e+01 9.073563539131144218e-01
5.000000000000000000e+01 9.473865918332844416e-01
5.010000000000000142e+01 9.541480573723806202e-01
5.020000000000000284e+01 1.029125849105367640e+00
5.030000000000000426e+01 1.092217593402712073e+00
5.040000000000000568e+01 7.651967687473748558e-01
5.050000000000000000e+01 9.365874281211316044e-01
5.060000000000000142e+01 8.668975847394766454e-01
5.070000000000000284e+01 8.296271032924458222e-01
5.080000000000000426e+01 1.002906917116082264e+00
5.090000000000000568e+01 1.029297495363345583e+00
5.100000000000000000e+01 1.001372439374041079e+00
5.110000000000000142e+01 9.655668668876711269e-01
5.120000000000000284e+01 1.142960283673097210e+00
5.130000000000000426e+01 1.003968691175858963e+00
5.140000000000000568e+01 1.100067982180152226e+00
5.150000000000000000e+01 1.021200474794148105e+00
5.160000000000000142e+01 9.085641317937254158e-01
5.170000000000000284e+01 9.363143476397975951e-01
5.180000000000000426e+01 1.022596996543862158e+00
5.190000000000000568e+01 9.344264767200760602e-01
5.200000000000000000e+01 8.806488877870873866e-01
5.210000000000000142e+01 1.021503379477866957e+00
5.220000000000000284e+01 9.361885121802095977e-01
5.230000000000000426e+01 8.810758831465096419e-01
5.240000000000000568e+01 7.677826446408451133e-01
5.250000000000000000e+01 9.378182366353146060e-01
5.260000000000000142e+01 9.551683328644854365e-01
5.270000000000000284e+01 9.441095207540264322e-01
5.280000000000000426e+01 9.885954725956987987e-01
5.290000000000000568e+01 8.123929306769736014e-01
5.300000000000000000e+01 9.116021739896756904e-01
5.310000000000000142e+01 9.194667557450001416e-01
5.320000000000000284e+01 1.052033460905858808e+00
5.330000000000000426e+01 9.011332613157158056e-01
5.340000000000000568e+01 7.482774386534001287e-01
5.350000000000000000e+01 9.027410763487025980e-01
5.360000000000000142e+01 9.383912337930628844e-01
5.370000000000000284e+01 8.448087698439200599e-01
5.380000000000000426e+01 8.510805541646406791e-01
5.390000000000000568e+01 7.493433649522933671e-01
5.400000000000000000e+01 8.339260824181974341e-01
5.410000000000000142e+01 8.349992309007260305e-01
5.420000000000000284e+01 8.427040192381869410e-01
5.430000000000000426e+01 7.368989894135130614e-01
5.440000000000000568e+01 8.737346216892430961e-01
5.450000000000000000e+01 6.393291000171671401e-01
5.460000000000000142e+01 7.907961390163639193e-01
5.470000000000000284e+01 7.495292080363663567e-01
5.480000000000000426e+01 6.474074657984099090e-01
5.490000000000000568e+01 6.214937646331327725e-01
5.500000000000000000e+01 7.351661080365565759e-01
5.510000000000000142e+01 7.098024602219557000e-01
5.520000000000000284e+01 8.114165419453076566e-01
5.530000000000000426e+01 6.315026049365453087e-01
5.540000000000000568e+01 6.926575179991324438e-01
5.550000000000000000e+01 6.881422266450286651e-01
5.560000000000000142e+01 6.812524084381550438e-01
5.570000000000000284e+01 5.804333577307743131e-01
5.580000000000000426e+01 6.660676420633793171e-01
5.590000000000000568e+01 5.353218995325550456e-01
5.600000000000000000e+01 5.494721022649110553e-01
5.610000000000000142e+01 5.327071736158706106e-01
5.620000000000000284e+01 5.261261151816050141e-01
5.630000000000000426e+01 4.821948960238106041e-01
5.640000000000000568e+01 6.089893690309793328e-01
5.650000000000000000e+01 5.996177191766347558e-01
5.660000000000000142e+01 5.477310270817522531e-01
5.670000000000000284e+01 4.611094538181092495e-01
5.680000000000000426e+01 4.620292812146011840e-01
5.690000000000000568e+01 4.876310830169156008e-01
5.700000000000000000e+01 3.916333430172032615e-01
5.710000000000000142e+01 4.591681610320263451e-01
5.720000000000000284e+01 4.041074094720542020e-01
5.730000000000000426e+01 3.858830840432916909e-01
5.740000000000000568e+01 4.072287434386980265e-01
5.750000000000000000e+01 3.799192800354579402e-01
5.760000000000000142e+01 3.886434392171339569e-01
5.770000000000000284e+01 3.459792010342327417e-01
5.780000000000000426e+01 3.454723065184658881e-01
5.790000000000000568e+01 3.614471032792876959e-01
5.800000000000000000e+01 3.036466993101160639e-01
5.810000000000000142e+01 3.118168134810156422e-01
5.820000000000000284e+01 2.325546499055565208e-01
5.830000000000000426e+01 2.656601640021799549e-01
5.840000000000000568e+01 2.652806886696152944e-01
5.850000000000000000e+01 2.334349753338763600e-01
5.860000000000000142e+01 2.257911725819981841e-01
5.870000000000000284e+01 2.035750395988830397e-01
5.880000000000000426e+01 1.870313734611346590e-01
5.890000000000000568e+01 1.743380982254680300e-01
5.900000000000000000e+01 1.424248483535922594e-01
5.910000000000000142e+01 1.524463013704885628e-01
5.920000000000000284e+01 1.215267416988997234e-01
5.930000000000000426e+01 1.154105257248080330e-01
5.940000000000000568e+01 9.602205579590876450e-02
5.950000000000000000e+01 8.699597560416563735e-02
5.960000000000000142e+01 6.184382207007208671e-02
5.970000000000000284e+01 4.377432300861644476e-02
5.980000000000000426e+01 3.263067966664989078e-02
5.990000000000000568e+01 1.343097932368934010e-02
6.000000000000000000e+01 3.660936169414973143e-16
6.010000000000000142e+01 -1.511214421724944336e-02
6.020000000000000284e+01 -2.950923861664780587e-02
6.030000000000000426e+01 -3.609642350319012399e-02
6.040000000000000568e+01 -8.157102799418808337e-02
6.050000000000000000e+01 -8.050894255987219028e-02
6.060000000000000142e+01 -1.065099094942087710e-01
6.070000000000000284e+01 -1.103663294978035614e-01
6.080000000000000426e+01 -1.302039799490376515e-01
6.090000000000000568e+01 -1.195475482719223076e-01
6.100000000000000000e+01 -1.283707158329379650e-01
6.110000000000000142e+01 -1.877506766054737319e-01
6.120000000000000284e+01 -1.888033876432112790e-01
6.130000000000000426e+01 -2.184443280522109232e-01
6.140000000000000568e+01 -1.939143529889358619e-01
6.150000000000000000e+01 -2.560686861872855657e-01
6.160000000000000142e+01 -2.445763482795355048e-01
6.170000000000000284e+01 -2.828204049127399089e-01
6.180000000000000426e+01 -2.198397544067724474e-01
6.190000000000000568e+01 -3.057991357344878036e-01
6.200000000000000000e+01 -3.036201692939909935e-01
6.210000000000000142e+01 -3.364787134957163972e-01
6.220000000000000284e+01 -3.853983955776432713e-01
6.230000000000000426e+01 -3.712650110731281483e-01
6.240000000000000568e+01 -3.916913438380845158e-01
6.250000000000000000e+01 -3.638453736869828314e-01
6.260000000000000142e+01 -4.031490082219742477e-01
6.270000000000000284e+01 -3.678036207380467326e-01
6.280000000000000426e+01 -3.681149963670246605e-01
6.290000000000000568e+01 -4.535689292482003587e-01
6.300000000000000000e+01 -4.203554498248688875e-01
6.310000000000000142e+01 -5.117707855316435683e-01
6.320000000000000284e+01 -4.970148412397180082e-01
6.330000000000000426e+01 -5.388117267167497060e-01
6.340000000000000568e+01 -3.566283643472307752e-01
6.350000000000000000e+01 -5.728341916538901568e-01
6.360000000000000142e+01 -5.721060242238844573e-01
6.370000000000000284e+01 -5.040645636564746734e-01
6.380000000000000426e+01 -5.941671614411577762e-01
6.390000000000000568e+01 -5.472313415731852038e-01
6.400000000000000000e+01 -5.879490688215635030e-01
6.410000000000000853e+01 -6.856455900642522971e-01
6.420000000000000284e+01 -5.842896708272097284e-01
6.429999999999999716e+01 -5.464689722946578510e-01
6.440000000000000568e+01 -5.662044850443095356e-01
6.450000000000000000e+01 -6.688478935987641760e-01
6.460000000000000853e+01 -7.471898457714882813e-01
6.470000000000000284e+01 -6.476107473156311745e-01
6.479999999999999716e+01 -6.766525826608236205e-01
6.490000000000000568e+01 -7.880889627564428013e-01
6.500000000000000000e+01 -7.638111152387706548e-01
6.510000000000000853e+01 -6.591617030443001068e-01
6.520000000000000284e+01 -7.495616136607814450e-01
6.529999999999999716e+01 -6.749033558394138543e-01
6.540000000000000568e+01 -5.309163970511638908e-01
6.550000000000000000e+01 -7.898554585674948392e-01
6.560000000000000853e+01 -7.416462480727105122e-01
6.570000000000000284e+01 -7.428248736575917555e-01
6.579999999999999716e+01 -7.273016412022135224e-01
6.590000000000000568e+01 -7.951616326337663798e-01
6.600000000000000000e+01 -8.836802624948880691e-01
6.610000000000000853e+01 -8.444706600674144470e-01
6.620000000000000284e+01 -9.888894506631822345e-01
6.629999999999999716e+01 -7.810071273636565170e-01
6.640000000000000568e+01 -8.035879165109718336e-01
6.650000000000000000e+01 -9.104077349468090441e-01
6.660000000000000853e+01 -7.668797895472965198e-01
6.670000000000000284e+01 -8.911590335405191743e-01
6.679999999999999716e+01 -9.220268748489923727e-01
6.690000000000000568e+01 -8.775898325182061033e-01
6.700000000000000000e+01 -9.176769504422277457e-01
6.710000000000000853e+01 -8.505640520396243742e-01
6.720000000000000284e+01 -9.245978761154831638e-01
6.729999999999999716e+01 -8.449532413832410160e-01
6.740000000000000568e+01 -7.761781952736626078e-01
6.750000000000000000e+01 -9.399437799742655919e-01
6.760000000000000853e+01 -8.942581315485964577e-01
6.770000000000000284e+01 -8.612557647251172233e-01
6.779999999999999716e+01 -1.118779135747846487e+00
6.790000000000000568e+01 -1.007674550544774839e+00
6.800000000000000000e+01 -9.752343693468700225e-01
6.810000000000000853e+01 -7.474154461668456317e-01
6.820000000000000284e+01 -7.947368819840066045e-01
6.829999999999999716e+01 -9.407661324915373990e-01
6.840000000000000568e+01 -9.834791709825113637e-01
6.850000000000000000e+01 -9.499356914754252257e-01
6.860000000000000853e+01 -1.028645907083724165e+00
6.870000000000000284e+01 -9.637977109360258421e-01
6.879999999999999716e+01 -1.107628986918441694e+00
6.890000000000000568e+01 -6.640681003796682358e-01
6.900000000000000000e+01 -8.997211935592828169e-01
6.910000000000000853e+01 -9.237372237361505256e-01
6.920000000000000284e+01 -1.012551451290232496e+00
6.929999999999999716e+01 -8.941711118829589466e-01
6.940000000000000568e+01 -9.162607754298368601e-01
6.950000000000000000e+01 -9.833590038194671701e-01
6.960000000000000853e+01 -9.135416004920930977e-01
6.970000000000000284e+01 -1.247827453145827326e+00
6.979999999999999716e+01 -1.012926295706702673e+00
6.990000000000000568e+01 -9.750753992913909762e-01
7.000000000000000000e+01 -9.852677430661571645e-01
7.010000000000000853e+01 -1.100597394981047916e+00
7.020000000000000284e+01 -1.022335248891299786e+00
7.029999999999999716e+01 -9.831531234978405642e-01
7.040000000000000568e+01 -1.062598755866871469e+00
7.050000000000000000e+01 -9.125860051351425417e-01
7.060000000000000853e+01 -8.844933500854168518e-01
7.070000000000000284e+01 -7.873178212072756699e-01
7.079999999999999716e+01 -1.119037795244766098e+00
7.090000000000000568e+01 -9.231692246850249362e-01
7.100000000000000000e+01 -8.438391450553428541e-01
7.110000000000000853e+01 -9.101167237075138416e-01
7.120000000000000284e+01 -1.056487748416249595e+00
7.129999999999999716e+01 -9.163747399085693246e-01
7.140000000000000568e+01 -9.248587794530175321e-01
7.150000000000000000e+01 -1.013795807888080436e+00
7.160000000000000853e+01 -9.152323457134157181e-01
7.170000000000000284e+01 -9.659643149014635055e-01
7.179999999999999716e+01 -1.065029289036298454e+00
7.190000000000000568e+01 -9.293118996473987981e-01
7.200000000000000000e+01 -9.588572375087067723e-01
7.210000000000000853e+01 -1.106469917388575031e+00
7.220000000000000284e+01 -1.117295086463416354e+00
7.229999999999999716e+01 -1.051693980715564303e+00
7.240000000000000568e+01 -9.134889386371636277e-01
7.250000000000000000e+01 -9.793521764819379527e-01
7.260000000000000853e+01 -9.491092791598042533e-01
7.270000000000000284e+01 -9.037063140566612418e-01
7.279999999999999716e+01 -9.609871687724431677e-01
7.290000000000000568e+01 -9.220060370626471657e-01
7.300000000000000000e+01 -8.547805501437035769e-01
7.310000000000000853e+01 -9.625040313186921104e-01
7.320000000000000284e+01 -8.747719876595965172e-01
7.329999999999999716e+01 -6.982631827939751457e-01
7.340000000000000568e+01 -9.515950565975382913e-01
7.350000000000000000e+01 -7.520947488870591835e-01
7.360000000000000853e+01 -9.081930399750726135e-01
7.370000000000000284e+01 -7.562207793415268720e-01
7.379999999999999716e+01 -8.311154675132962355e-01
7.390000000000000568e+01 -8.200457487101546761e-01
7.400000000000000000e+01 -9.386629803250835513e-01
7.410000000000000853e+01 -6.819482501623429505e-01
7.420000000000000284e+01 -8.688443372025513867e-01
7.429999999999999716e+01 -6.117596145851296185e-01
7.440000000000000568e+01 -7.059050175016374773e-01
7.450000000000000000e+01 -8.470838510670382071e-01
7.460000000000000853e+01 -7.765415061793059515e-01
7.470000000000000284e+01 -8.509412880811598745e-01
7.479999999999999716e+01 -7.199426118261255114e-01
7.490000000000000568e+01 -6.259776558708768368e-01
7.500000000000000000e+01 -7.790575062292406372e-01
7.510000000000000853e+01 -7.641618645290083611e-01
7.520000000000000284e+01 -7.563856580815254693e-01
7.529999999999999716e+01 -7.744614450474143208e-01
7.540000000000000568e+01 -6.036678410424453078e-01
7.550000000000000000e+01 -6.472601277154520494e-01
7.560000000000000853e+01 -6.590245702319247334e-01
7.570000000000000284e+01 -5.383841883826760988e-01
7.579999999999999716e+01 -6.198853624855565903e-01
7.590000000000000568e+01 -6.371983008920133473e-01
7.600000000000000000e+01 -5.693056480665259489e-01
7.610000000000000853e+01 -5.994700586186391122e-01
7.620000000000000284e+01 -5.428513494279249008e-01
7.629999999999999716e+01 -5.104782458987403571e-01
7.640000000000000568e+01 -6.071062801783988494e-01
7.650000000000000000e+01 -5.910023033358938749e-01
7.660000000000000853e+01 -5.017059729146577940e-01
7.670000000000000284e+01 -4.506573936069740993e-01
7.680000000000001137e+01 -4.505999825277344772e-01
7.690000000000000568e+01 -4.924511225664249814e-01
7.700000000000000000e+01 -5.306854035866915842e-01
7.710000000000000853e+01 -4.956536640544187966e-01
7.720000000000000284e+01 -4.211495709851162395e-01
7.730000000000001137e+01 -4.485806009855347054e-01
7.740000000000000568e+01 -3.823136209747613479e-01
7.750000000000000000e+01 -3.816557150178840341e-01
7.760000000000000853e+01 -3.821931143310111079e-01
7.770000000000000284e+01 -2.921933788991103453e-01
7.780000000000001137e+01 -3.463367627822498407e-01
7.790000000000000568e+01 -2.540216794615617335e-01
7.800000000000000000e+01 -3.028959365747043719e-01
7.810000000000000853e+01 -2.611312295054601385e-01
7.820000000000000284e+01 -2.689011218942424231e-01
7.830000000000001137e+01 -2.572789804839333283e-01
7.840000000000000568e+01 -2.724994274790640270e-01
7.850000000000000000e+01 -2.533683963680650186e-01
7.860000000000000853e+01 -2.507494676719275173e-01
7.870000000000000284e+01 -1.869696951239918636e-01
7.880000000000001137e+01 -1.920353736887442098e-01
7.890000000000000568e+01 -1.674368619685225601e-01
7.900000000000000000e+01 -1.609910117296888821e-01
7.910000000000000853e+01 -1.341642165501814588e-01
7.920000000000000284e+01 -1.178559228163598288e-01
7.930000000000001137e+01 -1.225508647396541528e-01
7.940000000000000568e+01 -9.335971111536867095e-02
7.950000000000000000e+01 -7.379238467910292920e-02
7.960000000000000853e+01 -5.939597717529331022e-02
7.970000000000000284e+01 -4.219006297661131999e-02
7.980000000000001137e+01 -3.285357812669600225e-02
7.990000000000000568e+01 -1.372171290059017758e-02
8.000000000000000000e+01 -4.449687555767196791e-16
8.010000000000000853e+01 1.665541888295960296e-02
8.020000000000000284e+01 3.324455319710200446e-02
8.030000000000001137e+01 5.179412220499313158e-02
8.040000000000000568e+01 6.454224969159563785e-02
8.050000000000000000e+01 8.615452754431089655e-02
8.060000000000000853e+01 1.014202536207251121e-01
8.070000000000000284e+01 1.166633066354847426e-01
8.080000000000001137e+01 1.120385777944548494e-01
8.090000000000000568e+01 1.467722738466492316e-01
8.100000000000000000e+01 1.457079997635051805e-01
8.110000000000000853e+01 1.653301132735201795e-01
8.120000000000000284e+01 1.940577001095288578e-01
8.130000000000001137e+01 2.277961308260033624e-01
8.140000000000000568e+01 1.997424048417210662e-01
8.150000000000000000e+01 2.750688271604514457e-01
8.160000000000000853e+01 2.150910821868844969e-01
8.170000000000000284e+01 3.089115303650965538e-01
8.180000000000001137e+01 2.661937841171542751e-01
8.190000000000000568e+01 2.627815983558897672e-01
8.200000000000000000e+01 2.886093858890136366e-01
8.210000000000000853e+01 3.374019138844897014e-01
8.220000000000000284e+01 3.403936265245049997e-01
8.230000000000001137e+01 3.377356120446113330e-01
8.240000000000000568e+01 3.952934942993666101e-01
8.250000000000000000e+01 3.963410929097885838e-01
8.260000000000000853e+01 3.832840627042060078e-01
8.270000000000000284e+01 3.812451336678431835e-01
8.280000000000001137e+01 4.473037001509962418e-01
8.290000000000000568e+01 3.778299112559636019e-01
8.300000000000000000e+01 4.461179010682070900e-01
8.310000000000000853e+01 5.298475328855560829e-01
8.320000000000000284e+01 4.869913075632870680e-01
8.330000000000001137e+01 4.436507311374817131e-01
8.340000000000000568e+01 5.523005655614160458e-01
8.350000000000000000e+01 5.010305065527699275e-01
8.360000000000000853e+01 6.359395416349937769e-01
8.370000000000000284e+01 5.060978419161845654e-01
8.380000000000001137e+01 5.707124302326521681e-01
8.390000000000000568e+01 6.652955003990591587e-01
8.400000000000000000e+01 5.247525185882407905e-01
8.410000000000000853e+01 5.849639979106027177e-01
8.420000000000000284e+01 6.846345881536266553e-01
8.430000000000001137e+01 7.385667757086781249e-01
8.440000000000000568e+01 5.854562469663573410e-01
8.450000000000000000e+01 6.783796932814744052e-01
8.460000000000000853e+01 6.656115886371901658e-01
8.470000000000000284e+01 6.704418398290078462e-01
8.480000000000001137e+01 7.023146019369066462e-01
8.490000000000000568e+01 7.852705322727293602e-01
8.500000000000000000e+01 6.774186212710946453e-01
8.510000000000000853e+01 6.368141224746832751e-01
8.520000000000000284e+01 6.674261632030308311e-01
8.530000000000001137e+01 7.593718851563234784e-01
8.540000000000000568e+01 7.773751901179666302e-01
8.550000000000000000e+01 6.936879724680072856e-01
8.560000000000000853e+01 6.356490157270497932e-01
8.570000000000000284e+01 8.915958056649823105e-01
8.580000000000001137e+01 8.712855634914494773e-01
8.590000000000000568e+01 8.545050874480004666e-01
8.600000000000000000e+01 7.037415866681713261e-01
8.610000000000000853e+01 7.483182260692164967e-01
8.620000000000000284e+01 7.668260663671250255e-01
8.630000000000001137e+01 8.471976246828838431e-01
8.640000000000000568e+01 8.144258842612721594e-01
8.650000000000000000e+01 7.963092656802669422e-01
8.660000000000000853e+01 8.986367163597032137e-01
8.670000000000000284e+01 9.365204626308076818e-01
8.680000000000001137e+01 9.711962338947425222e-01
8.690000000000000568e+01 8.667836856446009541e-01
8.700000000000000000e+01 8.211931839102353248e-01
8.710000000000000853e+01 7.761514286211792513e-01
8.720000000000000284e+01 8.263132682372223980e-01
8.730000000000001137e+01 8.287049057356471460e-01
8.740000000000000568e+01 9.803684040216462670e-01
8.750000000000000000e+01 9.378818856802711990e-01
8.760000000000000853e+01 8.878499711401570682e-01
8.770000000000000284e+01 9.340197542077871562e-01
8.780000000000001137e+01 8.055749022616144339e-01
8.790000000000000568e+01 9.376347391748818261e-01
8.800000000000000000e+01 8.963358153441264298e-01
8.810000000000000853e+01 7.744130268146056650e-01
8.820000000000000284e+01 1.015314391787729420e+00
8.830000000000001137e+01 9.039019905486160855e-01
8.840000000000000568e+01 1.034099929407882756e+00
8.850000000000000000e+01 1.163822115893216713e+00
8.860000000000000853e+01 1.191599642673020654e+00
8.870000000000000284e+01 9.138093112568963505e-01
8.880000000000001137e+01 9.952390399382138320e-01
8.890000000000000568e+01 8.835847769327609402e-01
8.900000000000000000e+01 1.082659957510265558e+00
8.910000000000000853e+01 9.526173434491668202e-01
8.920000000000000284e+01 9.018592362850993416e-01
8.930000000000001137e+01 8.941719403920174170e-01
8.940000000000000568e+01 1.057903431153960794e+00
8.950000000000000000e+01 9.327737201886533436e-01
8.960000000000000853e+01 9.378595769851292285e-01
8.970000000000000284e+01 1.070582839086438476e+00
8.980000000000001137e+01 1.018999542583209461e+00
8.990000000000000568e+01 9.028833379846690210e-01
9.000000000000000000e+01 9.893551870616571486e-01
9.010000000000000853e+01 9.978703803465048816e-01
9.020000000000000284e+01 9.549558135634468314e-01
9.030000000000001137e+01 1.190718943382543804e+00
9.040000000000000568e+01 8.644947670557082686e-01
9.050000000000000000e+01 1.008790599174416380e+00
9.060000000000000853e+01 1.083821657844822539e+00
9.070000000000000284e+01 9.453177447206622119e-01
9.080000000000001137e+01 9.705043632578312929e-01
9.090000000000000568e+01 1.022913130263958692e+00
9.100000000000000000e+01 7.878224819160285497e-01
9.110000000000000853e+01 1.000042380297117672e+00
9.120000000000000284e+01 1.119957746377109542e+00
9.130000000000001137e+01 8.233894078703896113e-01
9.140000000000000568e+01 9.288462806575373820e-01
9.150000000000000000e+01 9.305243284881999921e-01
9.160000000000000853e+01 1.037381798160878832e+00
9.170000000000000284e+01 9.745593572213469002e-01
9.180000000000001137e+01 8.083809143881234283e-01
9.190000000000000568e+01 8.909633412235374861e-01
9.200000000000000000e+01 9.252976019710101863e-01
9.210000000000000853e+01 8.238181231344715583e-01
9.220000000000000284e+01 9.706661534718998841e-01
9.230000000000001137e+01 1.046688377935784509e+00
9.240000000000000568e+01 1.091993405251093563e+00
9.250000000000000000e+01 9.105020603707706384e-01
9.260000000000000853e+01 8.881670382135291586e-01
9.270000000000000284e+01 7.383429900595015472e-01
9.280000000000001137e+01 8.219345792745460511e-01
9.290000000000000568e+01 1.024757010948980085e+00
9.300000000000000000e+01 9.137563611947574493e-01
9.310000000000000853e+01 7.840615357569723498e-01
9.320000000000000284e+01 9.746030158390748266e-01
9.330000000000001137e+01 7.944945340577165283e-01
9.340000000000000568e+01 8.480727102993007582e-01
9.350000000000000000e+01 8.767096358235385578e-01
9.360000000000000853e+01 8.063741267018259551e-01
9.370000000000000284e+01 8.885013538168686775e-01
9.380000000000001137e+01 8.179239977576466814e-01
9.390000000000000568e+01 7.550501683139732023e-01
9.400000000000000000e+01 7.284214746057156020e-01
9.410000000000000853e+01 8.888166192869515481e-01
9.420000000000000284e+01 9.010444091573741598e-01
9.430000000000001137e+01 8.093035456313559806e-01
9.440000000000000568e+01 7.630266228481361601e-01
9.450000000000000000e+01 8.184592549632334624e-01
9.460000000000000853e+01 6.685291385250337060e-01
9.470000000000000284e+01 8.658691390941579691e-01
9.480000000000001137e+01 8.499904875814612293e-01
9.490000000000000568e+01 6.659003873361624137e-01
9.500000000000000000e+01 7.137883463881938839e-01
9.510000000000000853e+01 7.170854315261706580e-01
9.520000000000000284e+01 7.137064411374615114e-01
9.530000000000001137e+01 7.202931697794989763e-01
9.540000000000000568e+01 6.746287151229225509e-01
9.550000000000000000e+01 5.542955352960325932e-01
9.560000000000000853e+01 6.170287567430055020e-01
9.570000000000000284e+01 6.331834612725523170e-01
9.580000000000001137e+01 7.145070943439962852e-01
9.590000000000000568e+01 5.979369190237132647e-01
9.600000000000000000e+01 6.419362636504896136e-01
9.610000000000000853e+01 6.182367491446818519e-01
9.620000000000000284e+01 5.535894270958502394e-01
9.630000000000001137e+01 5.821708530778483270e-01
9.640000000000000568e+01 6.414655134281783688e-01
9.650000000000000000e+01 5.417969459528675369e-01
9.660000000000000853e+01 5.028555399864498288e-01
9.670000000000000284e+01 4.098673924489412701e-01
9.680000000000001137e+01 5.725148580302159562e-01
9.690000000000000568e+01 5.225412553991201081e-01
9.700000000000000000e+01 4.763506492362415967e-01
9.710000000000000853e+01 4.461748142017147867e-01
9.720000000000000284e+01 3.844107842335819925e-01
9.730000000000001137e+01 4.293156682994181406e-01
9.740000000000000568e+01 4.098495940735368270e-01
9.750000000000000000e+01 3.727186525590989730e-01
9.760000000000000853e+01 3.519973330433491254e-01
9.770000000000000284e+01 3.427441230634581393e-01
9.780000000000001137e+01 3.721933087567727005e-01
9.790000000000000568e+01 2.970456315235311395e-01
9.800000000000000000e+01 2.980544409355050384e-01
9.810000000000000853e+01 3.173408213988457849e-01
9.820000000000000284e+01 3.068720017476341266e-01
9.830000000000001137e+01 3.094127369587517662e-01
9.840000000000000568e+01 2.422614973145237882e-01
9.850000000000000000e+01 1.668617475935749439e-01
9.860000000000000853e+01 2.110096074476033312e-01
9.870000000000000284e+01 2.047271751459958378e-01
9.880000000000001137e+01 2.082582340556168032e-01
9.890000000000000568e+01 1.847204390398746177e-01
9.900000000000000000e+01 1.554672533306865612e-01
9.910000000000000853e+01 1.556554244820978483e-01
9.920000000000000284e+01 1.403968938012225276e-01
9.930000000000001137e+01 1.176281317827123640e-01
9.940000000000000568e+01 1.008132437365391876e-01
9.950000000000000000e+01 6.878492326815840996e-02
9.960000000000000853e+01 6.360968078388234970e-02
9.970000000000000284e+01 4.919176781439428547e-02
9.980000000000001137e+01 2.849181093632250153e-02
9.990000000000000568e+01 1.732835829804003219e-02
